-39.5526693426665	-14.8421582580218	5
61.3515267651076	8.54633268266002	0
4.36037875423978	86.8904479280227	4
5.27552117247122	-71.9559510521665	1
-11.7659139431522	63.3499513453408	9
22.2704684073631	-39.6076897767055	2
-45.3471668583	-54.9337133074738	1
-71.5513492296787	-5.77874778920954	3
-39.3965098671326	-54.9207316046582	1
22.7351036919325	43.3855743606147	4
-61.663616903194	-28.2904927460471	3
27.4938226596231	21.3849740929028	5
-49.5102734165936	-27.8156621586613	3
60.9765296815884	-41.5667022831713	6
-39.9698879675257	-62.4502825027352	1
-34.9976450869099	34.7117276316342	7
17.615817789296	-31.5487959155445	2
5.26528187446113	-3.62074473525169	8
57.5452583707276	-61.3369069333335	6
-20.462516922757	35.7967721708141	9
6.93427837375295	90.3774618713622	4
60.2653481591724	11.3348336515936	0
-13.1275721128864	40.39643487844	9
5.50262358647564	-73.0230577653348	1
-23.1762147862182	-55.2054376052155	1
6.44818208843802	-25.2411422002737	2
-15.8178428187925	60.8717930163666	4
-57.4050473481726	-13.0963183262646	3
-52.7520561672069	44.7832510985913	2
-24.1666474607458	26.5235732643992	7
-62.1861477192066	43.7411381825479	3
9.95616664510099	-2.5543133963224	8
64.1549803686938	-53.8551262301748	6
-18.7618452177612	30.4270961728539	9
58.5228719983661	-0.712722253576627	0
24.8379711030533	17.3366568783014	5
55.6739208596653	-54.5359818887404	6
56.2751170191723	1.3993809723538	0
-35.9447512589241	65.5101662249569	7
64.213643733105	-48.5610514259908	6
-26.4694114809485	-62.4360373961475	1
-5.06507294558537	-11.2045629029507	8
-36.9902446684193	54.2526612868711	7
-20.9749797933673	40.2183742541381	9
-41.450521803314	-35.4591187262931	3
-9.35726501137575	50.8496202813373	9
-15.7748707033437	-14.4293060771186	8
16.8509824226641	18.2662784046546	5
-31.7608604488977	-22.5202842693124	9
-52.269136477627	-16.5374748958499	3
-62.0859933515117	-26.0651063143796	3
73.5863384059935	10.2812195497218	0
-45.8177619952313	62.689066096318	7
-18.6684345611606	34.284133586937	4
-12.5165186725138	56.3354828345804	9
1.30584380721186	-1.36607615593546	8
82.7545044179339	10.4644852134119	0
-15.1152250214452	41.3990892296135	9
-0.942739423645404	78.4257581801914	4
-0.404302867696704	-74.6052944733036	1
11.2046218716714	93.2519032624731	4
16.9256246903652	-66.1373462895789	4
52.1780626396583	-52.0342424676739	6
66.8702605458596	6.06089049484192	0
23.2456499174348	69.2809948853038	4
20.9514210383681	23.5125005801053	5
53.3615181676999	-45.3368597985586	6
-17.0016172621166	-74.7503989556645	1
85.19963491868	19.9533186000152	0
67.3348637655338	-1.51621455951244	0
-44.6952825853662	-62.4175854161413	1
-30.0882935040638	33.1109532842324	7
-35.5940073181919	-60.6497552329829	1
54.61641770018	-44.052919618143	6
-41.918083105271	-25.8760030323079	3
60.9369242688599	1.47862286565945	0
-8.83684884995225	-40.9125477627687	2
-10.0515727877091	-74.6206219662856	1
-3.45093023092856	-68.0547084981937	1
-23.9764812736497	28.6042776419217	7
-23.6834209540103	-30.1036642112852	9
60.4298479043813	0.975025943855217	0
23.7901452795236	-25.3418098216866	2
55.9204024031783	-43.1874463942523	6
-41.9135978451536	59.1397623036557	7
2.69228530407178	-9.40712236750709	8
-45.8924180605062	-34.3802770890908	3
-4.8314684919417	40.136022315546	9
81.15065008643	12.5207794517648	0
21.3162629037308	49.4266894997782	4
62.9797031348041	-41.3752092584295	6
-30.4589636169649	35.2477207329923	7
1.18302242840365	82.3935714690694	4
54.6565261683596	-46.9128326926144	6
-4.08781684097525	-1.2048405930491	8
62.4004799743373	-0.506685492029699	0
-37.9244949424685	53.1570489626251	7
-0.851457102667467	-6.60877440499496	8
-42.0599949103739	-25.7292729789806	3
-8.79560188480394	-68.8041131236537	1
-49.7745730909531	-60.0601712776848	5
-53.0201563201347	66.4735391424861	7
-36.8518986394843	-60.568795817561	1
-40.3937444847163	44.1875985645872	7
-42.4622494700364	-54.5441281939603	1
-5.40691317203788	-74.5903359713947	1
57.9742899412732	-51.7484279449137	6
-71.0064257025694	-14.0067191672798	3
85.2575179643444	18.6876742829956	0
21.9361606497775	-49.8961972677152	2
-11.1230584353412	85.5393664836557	9
-69.6688535528319	-2.78820881798315	3
-28.6611771534441	-58.9278041313916	1
-3.32324921541328	-79.4705564980689	1
77.6207662925449	16.8230967272422	0
16.5613145772316	49.2477074403144	4
-11.8604365584779	69.3436682834567	9
14.2226154901649	-40.5463902786186	2
71.9171520663434	1.82817351364773	0
59.2344599049648	12.8439947201697	0
-51.1312112570612	46.4961268144054	2
79.0102300215068	19.2784488286823	0
6.92396468345768	-51.2371040140309	2
-32.8768097162695	31.3418374680461	7
-23.944546487002	-68.8558117879587	1
-5.13105452496817	-11.3754359662411	8
59.0535473953313	-53.296138548411	6
23.4281874448456	44.8191744875844	4
-25.9513663103848	-57.7351711501376	1
50.0209256728972	-48.7864060973499	6
-44.1913680836506	-24.586316066396	3
17.8568558524786	45.879243958362	4
-34.5190052756663	-52.1264665172042	5
-20.6826477918321	49.3247519141735	9
-45.1144633392834	-46.0188326781926	1
-71.1518240136218	-14.9613429338321	3
-44.0944327166681	-32.642095883685	3
-2.42504000579158	-61.4653787754518	8
-55.8195340303445	-5.10885202945892	5
14.5839375150822	58.1321224177444	4
-53.5352039547523	36.4960525983793	7
-23.3592487514359	27.533929303664	7
7.58127985613524	59.3369775728945	4
13.5869450114428	-37.3964297487504	2
-21.7187324849183	-19.3697733244025	8
20.5390668849989	21.9253534134036	5
-1.07123795408489	-0.696002294797994	8
64.4448108498367	-57.2478952102467	6
8.6603255687112	52.1669074434458	7
-51.913320197459	-22.9979232185242	3
-25.4962617535093	51.4852590233904	4
62.2384710825279	-46.9309134277993	6
-28.4765951189069	-65.6780980762614	1
-18.762638867339	37.8596872359275	9
-50.0606918496125	69.3331000233279	9
53.5594783224973	-44.0006430219883	6
62.8885314260255	23.1738131773507	0
-72.0954751935745	-14.2759894884531	3
-37.8208531942903	80.264272715268	7
15.0825701097462	-37.910429263659	2
-49.7550042125554	-51.9306910638618	8
6.38688358735196	-25.0508491059475	2
-13.2631880130159	66.509888105568	9
17.0253442383757	-66.1936131464123	4
9.58803150081268	88.3041348615398	4
54.1602864943318	-44.8983387692539	6
11.553411245014	59.1163633250851	4
-5.74243943645602	41.2551120119647	9
-48.1314074685421	32.5128446022539	7
62.3830695432609	-0.28333700828783	0
-12.2849792672128	69.0721970639977	9
15.2435084147491	-38.4021664003295	2
-50.6488216479532	68.6075704811308	9
26.8157000031313	21.0498201739946	5
-22.8392213684013	-63.2481878366862	1
22.5991794809175	22.4468705362309	5
-21.0301364307851	64.9109724302284	9
-5.83984571069455	-66.8661262471951	1
38.9053991194202	-3.59991640228515	2
-71.4172728119051	-4.2175588658166	3
-25.4941825989918	-50.9142109434869	2
-72.2739750522	-2.07360046357564	3
-35.6286314034137	-24.4906107671388	5
-9.41632173999049	49.4314067233945	9
-41.1671851314733	-55.8312774276909	1
-31.6852766480981	36.3080259625903	7
75.7125078438437	-53.5339672565906	6
13.6449550795534	-41.5764500780182	2
-19.3165176757194	-15.0432233792986	8
13.2225447019842	-37.5513115869218	2
10.6791254493259	-51.3827700151051	2
20.6270643949463	22.627973029545	5
63.6854531750547	4.80767666017935	0
-30.4076084716364	35.9423687379984	7
4.47337066282739	80.4246329146799	4
-12.8673185587071	35.0842644138583	9
-37.1118896428357	76.0716566483883	7
7.75133599236729	-4.14617680087094	8
-52.6220290498534	-31.108580787011	3
14.5919996814688	-37.2960160751411	2
-43.1914913974329	-56.8130264190331	1
6.19093781431807	-73.0622256898186	1
6.33069544562167	-7.07195212863395	8
-72.0197796862953	-2.42165746834533	3
64.2874622298785	-58.5445866843313	6
-0.949774141176771	-78.9975573991478	1
76.9715702998884	14.1012098689691	0
-72.9507857134149	-1.33188785259337	3
-14.9214889235741	-59.1717222128918	1
81.8087515765482	17.3631219002491	0
74.2337886544064	-1.17431877300277	0
-19.7078406941593	-66.8602618015658	1
-30.981053493446	64.3785200762862	7
31.3599471910547	-24.3876393392392	2
-43.7869766130665	64.7057514081831	7
-67.4437813395117	-16.7197536572191	3
70.6902336360469	-2.73610923368223	0
10.3526545090597	64.6643588689675	4
70.8253798905249	-54.002471225285	6
-55.3442454477502	3.6342247720909	5
0.437450153815312	-33.7679946372032	2
67.4732631633622	-43.0428215022828	6
10.4180959012455	89.0760349195203	4
-37.2345507599976	41.4423788819853	7
-7.84062050317617	-24.6407262296329	1
0.426387010547445	-16.6650563822543	8
-15.3625946778784	71.0747081673086	9
-15.1884651485055	48.8095027724787	9
-44.584567590353	-37.1026672247595	3
84.133340906944	15.8935913742376	0
-40.575793604208	34.8592768606879	7
-20.9341112236943	-73.2917201994379	1
62.52768576163	-8.23261236404328	0
31.1219401497851	-18.2409078981566	2
66.828135340688	-4.86537986831339	0
-69.0043486554861	-16.7147188248995	3
13.2295217687429	15.8268839140659	5
9.76442790225565	65.7702558861585	4
68.4145198931753	-47.3168416458339	6
30.2949950238072	12.4471829502103	5
-19.0796247569411	-56.9513682563705	8
75.0850955442312	-44.1588849807167	6
-64.9041009731791	-17.3752548708368	3
-38.5106554176753	43.7758838283314	7
-43.3586778287335	-6.16477325567956	5
2.09893357906922	-8.52132944385585	8
85.4493798782764	20.8124302256596	0
-16.2620631858148	48.7484326898209	9
-46.5167941385928	-55.1295538220081	1
83.430338128709	17.6055796755383	0
-61.7262491674667	43.9367917411028	3
-14.0151109059066	-59.9501943890345	1
3.49739212054368	-42.9531016297501	2
27.8490617193015	-16.9034752761623	2
-25.2095291803051	-28.8646914339123	3
-69.9890715723688	-15.8003797946982	3
36.4938617042619	-57.8047570631884	6
14.0273963578668	63.5525015912925	4
-38.7191645952184	50.4195381945249	7
28.5905607345205	11.7374817887453	5
79.6314425819308	-23.236917012658	0
62.7852802478865	-44.4418909090939	6
38.147126799813	-50.4698762198119	2
-37.6582981517207	42.6030396100017	7
-4.52272879265906	89.0616443923107	9
1.36657274003581	-11.3164031673207	8
-32.472297971569	-15.9545105129913	5
-15.8629925209285	53.0643803391796	9
-58.9819499469067	46.238703915629	2
-17.7129420591572	-72.8197760346681	1
-25.9550182751229	-69.260838104079	1
12.0802209067989	61.6467578903046	4
15.9703800915963	71.7032723155974	4
30.3865092619586	12.4694885325333	5
43.654241964617	-55.7256374652742	6
12.7426075206707	64.3878887870448	4
-23.3017457961566	-63.268439682442	1
28.2161393174528	-17.8077744281363	2
-68.2312563383535	-30.5360629045466	5
-72.1227229831144	-7.9066519367514	3
-11.5855354216719	50.5909826043549	9
-67.7392536932427	-14.8673099221105	3
-8.90599095778382	83.3767821668097	9
80.4213159446079	18.417360549542	0
-45.6016656798528	-11.9507747473135	5
-16.9211130717246	50.1363369876568	9
64.5463096842832	-37.8047058796676	6
28.4382637612991	14.1685356291052	5
-39.8296503244106	59.6161741778124	7
12.094369709179	62.8207230535257	4
-18.4308157465344	-68.7175273189511	1
-72.0117239720365	-19.3783380051628	3
-31.3943265396052	-46.4344802541661	4
67.5229100909771	11.9641194688029	0
9.59272658565627	93.5349121591813	4
9.17602495545391	-9.06047948205456	8
76.4409486953964	4.73782301526488	0
14.5217996454331	63.8884170408573	4
-47.5178845938725	-28.7763711601801	3
68.0943353687296	-42.9697525061592	6
-4.93726840927023	-8.20097637591391	8
-39.2788126994147	41.2552881603584	7
50.3806813193743	-45.1847308260888	6
65.8808523222086	10.3489340078096	0
-29.8964627616126	69.0893084271736	9
-38.8854811099813	34.0193687248697	7
79.8342756293995	26.9610554804964	5
-41.0934655682384	38.3186707936941	7
32.3676741621148	-14.6134568017832	2
-13.0199291428432	-75.5389332869745	1
-31.1716098482668	-58.5435574665122	1
64.6913749440772	-44.0717942940565	6
-16.8693103916195	-0.777792815205874	8
-12.0962332868236	46.9997435224522	9
7.84237810478849	75.2086508928071	4
-3.25814208409188	-71.0846789287873	1
-45.3045135772972	-12.3277505487156	5
29.5296742235706	-16.3193753039411	2
-3.69344264473659	-81.7985613044608	2
-11.1297619440751	39.6633705103134	9
62.9190872662146	-2.8217028837771	0
-70.2329790526836	-16.7639963639712	3
-7.65483454166506	79.2682447890427	9
74.2197805761701	-44.3064423560727	6
-33.2617150764411	55.265473124516	7
30.4333283485704	-15.1870487554952	2
64.1993274218192	5.58825877910006	0
-72.4839059458873	-18.9785229842446	3
-31.3246761193485	-1.64353428017267	5
15.0413174433744	63.7144331460826	4
-61.3646957957611	-25.15697355891	3
63.2463462732444	-46.129019577438	6
-34.4971157170119	-15.5485192479299	5
-17.6309974831541	-9.11004387592163	8
-5.48438060683164	75.1930276882361	9
27.700772230991	12.9243035309261	5
-14.9563480503376	62.0517587398689	4
-35.4158562190223	38.8798542344883	7
7.74069145661971	68.3822179240304	4
30.7753449920109	-17.2602017334372	2
-25.790014705466	65.1848193064145	7
-68.6001101980664	-14.1868176096151	3
-20.2158362665701	58.094113350876	4
9.32135369386376	-8.18838404602367	8
-9.00814672525869	78.2716836947627	9
-3.1888307485404	-70.7046326347416	1
-29.8249287191891	12.2332900000091	9
28.5312457556403	-17.0175585570274	2
-10.1604923470984	-25.4574898999346	8
-46.1620083112908	43.7416980968375	7
-11.1170993066142	66.5561543074857	9
-2.06423198006399	-70.4354240140553	1
-22.964521572264	-30.178635532243	8
-42.9664464677432	34.9465045526166	7
-21.4410418007063	70.8165642896743	4
-1.87352318363523	-78.2028907096379	1
-43.8337202382851	-26.4565227474146	3
-3.17452279791484	-68.9248698375285	1
-42.6540137261789	-55.8651380793715	1
65.605049672519	7.58708190083222	0
-2.27217498698441	-43.1802876738873	2
-72.4837192962803	-7.39494825127082	3
-16.8459549406774	66.2201896322024	9
13.7672403267209	60.1114176398249	4
-6.7759898508904	58.6860657271205	9
21.7723927940061	-20.4356550164634	2
-34.9317524190665	-60.1460374579152	1
65.076727819169	-43.7312315230245	6
-10.9985724002463	-51.7267381337906	8
11.9784110126187	66.8703859708929	4
-57.7673092294465	34.6339631068268	7
-50.5076648206514	59.2459874958911	7
1.1181244806691	75.9670086839106	4
14.2922234053469	61.4927704339195	4
-16.4699523673648	78.1422961712474	9
30.8070461073527	-16.3810296091218	2
-32.1821653201681	-13.214074269356	5
-34.64617019694	38.6792679867929	7
5.07320115543202	-47.3036635820435	2
14.1934268284216	59.6192045645304	4
10.3882801575933	83.2035812801047	4
31.9259519100693	-18.2413732477011	2
-38.4588733792875	-62.5073804336627	1
-5.63982381412549	45.8924242272475	9
-37.0699239953765	70.1013644797571	7
31.4422670206152	-16.6818695344056	2
-27.6215115664222	-15.8003581345326	8
-41.4450064857238	35.3347399847597	7
51.7657951614541	-63.7544903585453	6
-11.2560489264429	42.4742089456241	9
-15.6285048260738	-28.1233642537415	2
39.7088655588018	-23.338817284533	2
-50.8358939551836	-27.7218354702631	3
6.37368150824381	-1.86050660621372	8
-48.178654352441	-59.4115577456519	1
63.4605218265078	-44.1824031666719	6
-36.7650156368987	-5.07482079094119	5
1.00269428905338	-78.2565385529491	1
-36.3448003350548	-57.2297445839245	1
62.1929361499379	13.2241611125152	0
-2.16716994693052	-42.0974778127482	2
53.011128156946	-56.2737149631808	6
12.4879921224116	66.4428789434926	4
28.5581540173731	10.9323138531855	5
-51.5219663870885	-24.9127135706266	8
-68.3433147874943	-14.1451420282436	3
-45.8852599972471	-56.9975003748919	1
28.7930026852143	11.2221340343477	5
-24.6539834763	-64.1922807635986	1
-10.680964161698	39.864887979066	9
3.88509326497582	-50.8220553774153	2
-38.6010546886034	34.0666374494784	7
-20.3315163335625	54.3906740223757	4
13.7320462363508	55.7445595969593	4
36.7491951696626	-41.8458097422238	4
6.01368457325812	2.60854131578063	8
-10.7559864665017	-60.7347889198222	1
25.3320458665048	20.73109963533	5
29.008324208678	21.7906035136029	8
-10.1864489828413	41.1222750990055	9
-30.90663178531	10.3930527124937	5
61.9545184456261	-45.8496026714502	6
-56.6239972924142	38.1304327198306	7
-12.0524675378357	39.0637824489485	9
-7.22697611568067	92.1161333138713	9
-68.8810805457885	1.68440922234182	3
-49.974267029675	66.5547039620451	7
63.4465778986183	13.4440719497177	0
-9.27107508106839	75.8910883062351	9
80.0386722866431	18.202736989197	0
57.6042182173629	-55.7130196771949	6
63.8213173443629	-47.2129245340134	6
18.5390445441586	-22.1170457326931	2
-70.5658605997442	-18.4360321507935	3
-5.95060275162932	79.7152711181705	9
78.6464479631097	17.7709617805116	0
-26.2476766465546	64.7164596985128	7
28.831227119593	13.5901888556409	5
1.41684432707059	80.1385890603791	4
10.9870762558458	-5.42073136433506	8
83.8619498409994	13.718460762318	0
-16.6105844101778	47.3733854733168	9
-0.67349551030567	69.7151294063587	4
1.8765265501354	-78.8399739855819	1
-45.0429121609434	-51.8352095085389	2
1.72582053029645	-10.1741798824198	8
-33.8809906660917	79.0599361268308	7
0.670296928474652	-77.6674876282263	1
37.8157519515151	-18.1940156140036	2
62.4557747608841	-43.0652908931482	6
-26.0819318521368	-65.9206993143303	1
63.5402495013922	-1.10671582173863	0
-56.4116923534121	-17.5888571800166	3
63.4354864927869	20.5241041551111	0
-33.9128237943499	-57.3044607725411	1
-8.23952509510573	-68.6262483723638	1
-3.45049468777955	-5.39626522156491	8
31.8557181814773	-10.5586944312889	2
80.8460275052991	10.9654109531031	0
-9.8594272859124	73.3938921245218	3
-13.3891445795225	79.6182641966216	9
16.2504846446652	66.2085550551002	4
71.1906138777368	22.1338941806922	0
23.4771175051113	19.9124732732214	5
85.9994551603019	17.0318027111309	0
54.02966756267	-38.5379977818947	6
-15.3876005003714	-67.870479314165	1
-38.8846144220058	24.7988977636473	7
-40.9616363410173	77.9530275936578	7
0.210784660899291	1.6649489742815	8
-48.789103123148	-59.7343819351896	1
-11.6279026066689	34.3112912903852	9
-18.0490175102869	-49.6547778147782	2
57.1673203654964	15.1516004990373	0
-32.2199262494207	2.35399016984881	5
5.16289426427947	-78.282546097829	1
22.1341310495399	-45.9177131888222	2
33.7477591528642	-9.62181206981166	2
-32.4117748836316	53.1060562026703	7
-49.2942587724119	-20.0158199557773	3
-29.9829096659059	-4.2587316630332	5
24.1279414214027	46.3982638294656	4
-17.3385865793706	64.8837958340628	9
-37.9846494377035	24.0745053133752	7
-36.0654118522989	-57.6993969525911	1
9.33823155994819	2.20688869626294	8
-47.9292303182189	-29.8284985184212	3
-18.5484648624786	26.7174944722364	9
82.7623214471656	-49.5287827100564	6
61.9056533169006	23.4923261055813	0
-58.0990482056404	-22.8287729950385	3
14.0176319468884	-77.205981722053	1
1.19053016805294	-67.3687044404707	1
35.1710261283973	-10.1668149936141	2
86.7002452908122	12.0816857404877	6
-58.900840965291	-17.276645584339	3
-59.0130444743231	-2.68598987132796	5
-18.6889252686129	23.3170296531959	7
55.6540254132601	-58.9657340599557	6
5.99117402907466	-14.0999778664659	8
-36.435968584879	57.7869760153655	3
-18.0851120172583	24.9488898742483	9
-31.9855442497578	-12.8226602047422	5
9.74260282652864	-6.85572793238344	8
-52.1961210010511	-5.28063427811683	5
-36.0518036111297	42.0307395840234	7
79.6848866640304	-26.8533345923297	6
5.10188930773858	-77.1166171233314	1
7.7148405142819	-72.6197209739864	1
-7.58881845380086	10.673236268488	3
-14.6683646080832	-72.6457709348395	1
-20.2288761837466	24.8114580881302	7
-27.7986203592927	-6.26974809648799	5
21.839517753017	21.6232480188263	5
-63.2623590792756	-30.3112372112323	5
34.7319495269067	-13.1096062082231	2
-36.857907261465	3.29645739270493	5
-3.89937799093994	-13.1139758481345	8
-60.3126143192733	44.4228217250653	7
53.9170069958898	15.0291977221732	0
-9.16524400742628	71.0310074075703	9
-30.6328115003973	37.885325111886	7
-45.3553795292307	58.1760037974985	7
23.9482959943436	19.838728592776	5
79.733470484806	12.814075846016	0
-15.7719139763878	30.2378373201836	9
82.9625360834492	15.4380870550899	0
41.3480144669098	6.95681927954254	0
43.3205932496483	-60.3374366144669	8
-16.1470315359625	26.9229150788502	9
15.0258938424102	-32.6450680556985	2
25.9965825796151	45.6471690713218	4
-25.707607641297	-18.8749790474313	8
13.9960221317099	-76.5544965944653	1
77.5885303094547	-50.1732627025872	6
12.0906974830926	-75.8737430057784	1
73.7984279331426	-48.9306208033729	6
22.716092017446	16.8148808320687	5
-14.272681573292	-73.0247959603178	1
-13.8972028971776	-7.51693321464491	8
-34.6192361152793	-32.356956389413	3
19.0447365745023	49.9734025109579	4
60.8794139266045	-1.76002156123314	0
18.1839652676659	15.1410822340456	5
-60.9828544697533	-21.6569835290096	5
-2.38261529965872	-11.4046401512618	8
-59.8096240442881	-32.7234349843608	3
50.9219532109987	-43.4001388808734	6
23.9485226547343	-26.2422818426837	2
-76.8158267320775	-11.1118234495578	3
-9.76456998842668	70.645030114474	9
32.5464269098946	-9.32879872990807	2
-23.8693624463918	-55.6840327472157	1
3.69482504646441	-77.9411915212963	1
-43.992516889038	-6.32672863754345	5
31.9064145476105	-10.5114702340628	2
-26.1844060487041	-55.6574399193973	1
-76.9659887769425	-11.4036968187802	3
9.60416486186319	-36.48225545825	2
7.03562211476157	-7.02631318995026	8
-10.7989726202876	-64.6757077854913	7
-77.6777342154899	-11.7755821796738	3
-45.828094212428	65.3945052253488	7
32.7566436187334	-10.7579712541739	2
7.76828339942931	69.9263718602002	4
52.4047941207771	-41.2989585559361	6
-14.4413202577543	67.0661086396332	9
-38.3435796306937	27.7105064766799	7
17.5892830642135	-26.205623054857	2
20.4532405961021	45.6738331996181	4
17.3252184418765	-35.5733012584182	2
0.646296200061078	-7.94167192713777	8
-31.954794618141	-59.0939908314603	1
4.10219738241742	-72.2788058852814	1
-37.4362764935195	-32.1272384844889	3
6.99415368234497	0.0345221126015335	8
-27.9988241097302	71.9577997084525	4
55.0200333598939	14.4417236535064	0
55.5715768739437	-30.4083948646368	6
16.4668547480922	19.9554311191666	5
-12.6414750454875	68.1436694700581	9
-77.0664357019205	-13.4992948670977	3
70.7137755889439	-2.84942621107032	0
-17.8303995991627	27.1746673013422	9
28.1154273825222	-33.5447879304627	2
22.992433031866	48.4659643491095	4
-51.1431554484011	37.5422797550421	7
11.41939863951	-77.3851997775365	1
-15.7236591754349	-63.7805143502697	2
-9.1692855060568	34.6477960654947	9
-21.563645613523	56.9256788209858	4
30.8567231804419	-6.38356190723393	2
77.7429087322301	-51.588136686789	6
7.56119157901529	-76.5129906675164	1
-22.1742502768236	-25.6084158979632	8
-18.0588326071001	29.4184771863483	9
86.5275633397178	12.6296505782854	0
45.0506622097576	-39.74910235469	6
59.4879265377609	-43.4233881705158	6
-40.0654544964806	28.1178405006203	7
-20.1701105896381	56.103343967282	9
-14.4214761923771	26.3273595020936	9
-20.380611736544	-28.4358883457772	8
50.026733739996	8.74950803535186	0
-21.8071658588386	-62.4907184670162	1
26.8317530440261	44.8970800415455	4
6.5909559919387	91.0947078026877	4
44.8948571445318	-38.8734224185477	6
-34.0005388438687	78.161761509676	7
5.80192469207977	-70.8245698686131	1
-10.7481023326931	82.583506352013	5
5.8484826212297	-78.99277984852	7
73.9959375798189	2.90374516553914	0
-36.8084911375185	12.3453518701888	3
27.9311864147311	18.8073689414356	5
-2.5783443232842	0.934412305245422	8
2.92180351642575	83.4193025866113	4
-38.8355842652264	29.1878881064749	7
-39.347339975213	-56.3481639339821	1
34.9970705114244	-10.0762143154671	2
-45.4321282433603	-6.59852783091452	5
-8.92697727975227	36.2691735284007	9
79.567717113086	27.4280010672144	5
45.9927334957081	-38.191669681036	6
-45.880674241914	49.365681296165	7
-34.1506430496811	-9.39487885052333	5
5.61129271401058	43.1942005970036	9
-9.6452145016754	61.1729595553667	8
-23.9905197122602	-18.6274602777361	8
-36.2048341746343	13.7028171309012	3
54.7607545961235	-63.0178930279954	6
-15.2463636053796	25.3325270622118	9
-50.8407033757392	66.3982534031606	7
52.41965168288	10.0730884060951	0
-55.6494484890718	35.5477458190405	7
40.2322457758426	4.10960489828311	5
-39.2261438780906	48.501331518472	7
9.41708326362471	-78.4919752503559	1
-39.493632130448	-58.0279580408516	1
60.3470570793504	9.4340926997062	0
-42.1059177516676	75.1301330339077	7
-17.0354410303615	26.3210847518842	9
29.0045978554035	-20.5971185373957	2
-63.9074295462271	-20.4785330574874	3
-13.131399339016	-78.9349559831118	7
-36.8807578733971	12.9585878527685	3
-9.41991020319699	-44.8210241448519	2
26.6007569442001	45.6712277887914	4
-21.2111049074142	-70.8092171764842	1
45.305986278752	-42.8554460782319	6
-31.587315245378	-78.7894748535754	2
-37.4605400802989	28.2504751795062	7
-35.2636792202682	-11.9486702638044	5
17.6706803008942	14.6501406817947	5
-40.6220101488786	54.5920823123141	7
20.9670132874612	48.2835830420318	4
57.2143011188422	0.420023228767907	0
30.5638132814528	-9.12431817647424	2
76.697948327451	-42.4520210071873	6
-7.57940568667393	10.642298981502	3
57.2104669951895	-61.6789113137224	6
-16.2420910963197	23.5876364727066	4
68.5928869343263	3.32287692625479	0
22.9598565812379	47.2367906730616	4
-58.9215440912771	46.3207371611152	2
45.5259609368806	-36.9251364705697	6
57.4303025224292	-3.91555540910124	0
41.6631107876836	7.51576404515249	0
72.0149647719143	-3.96301928436029	0
59.1859816202004	10.2411804565735	0
88.1345621196886	14.230239758178	3
2.87598265800856	-68.8144063943401	1
52.0426893235686	-50.9322514193933	6
37.7122504303985	-17.9626740069936	2
-18.0491804859879	-49.7207998727326	2
-65.3779395260468	-21.3183074520372	3
-25.1902048056657	-65.7739338199714	1
23.8391408601584	58.677562308611	4
-31.8502108696449	-55.9939645899976	1
-59.2881663782923	-1.17039021352426	5
15.6552059357457	53.2736260920111	4
58.2351961768591	-37.7193032901114	6
-4.65898549341887	83.9197674314099	4
-38.2378617405096	30.7628472857518	7
20.6695661927705	-21.8678887905824	2
6.08692878171269	-3.78133001528787	8
-42.7961147963444	69.2150241012112	7
-4.50654692216023	50.4050040475748	9
3.69509590960874	-40.9171066378121	2
58.5271658506016	10.3639574745972	0
-41.7374193908751	-6.01895302546193	5
2.84429051282791	-68.6017009690379	1
4.77720716873193	82.6737127018664	4
23.172956964786	-41.9363160793478	2
-28.9811419844986	-23.9267960223552	8
-70.9740232804426	-17.9254013901306	3
-3.34187122191199	-34.9716120381933	2
23.8733545427696	58.0817205473909	4
-3.5751057679568	-75.1885638808691	1
-60.7490063679453	-1.67246624678466	5
15.5351867053405	53.3135425320096	4
58.1172961823879	-37.6412285603028	6
77.7211537046745	4.0934464891304	0
-34.164344869558	38.5618245499578	7
-19.1267551624166	86.798580691956	9
8.35943184417792	-2.43132423895224	8
3.72635590116622	90.4303152809115	4
-11.8476781467632	44.7416026997876	9
-26.2168109685845	-22.9711215854908	8
57.6806330567642	16.8970917004767	0
-34.1756402926945	-62.580100644667	1
6.84481694275473	-71.1436943341891	1
50.6840592447216	4.41049203401082	0
33.6901642938907	-14.7909982576077	2
10.4153250318125	-51.3696011579327	2
-73.9736318024701	-17.7178235975718	3
29.8823076053054	-26.8184266043439	2
22.0376122677857	53.8260049169686	4
-28.5820024243892	74.1238320630648	4
-47.7367333839607	-3.92757958417933	5
-38.6524247295466	-48.523232429387	8
54.9071552094166	-39.8433887271682	6
-40.5901570506782	2.54402335357692	5
-37.3113835203049	29.8815268780668	7
-43.7095181608733	63.7736848489225	7
6.40147181327659	-3.42087302277089	8
-25.2279914420221	-19.2927907088218	8
-5.18407689649702	48.8488360714057	9
-51.5976120923303	35.4041140692475	7
24.844115005492	58.2099581366039	4
-33.1673909959918	55.8798769097807	7
-74.4605126929379	-17.7648906806123	3
2.37550271163194	-47.4464664456143	2
60.1937114003338	19.2684926978313	0
-19.3047211217357	-16.8150980122984	8
49.7832338179281	-40.5693612804584	6
-23.834953046491	-21.6023555796516	8
47.5298425129164	-39.0259972304442	6
-42.5401418968492	-52.8280328731899	1
51.9040428800333	-39.880532234065	6
-32.0684215715564	-20.8124675530445	8
-4.40922396835347	50.2935700371838	9
27.1993556956465	52.7717892829048	4
58.224863838786	13.6787888815053	0
-22.6728196198117	62.6919218922786	9
52.0802077312117	11.1326531653874	0
-41.8791894474946	-61.4174864340071	4
5.87423692570089	-76.1728234070441	1
-40.3543760195449	-25.3506758274064	5
10.9863690488526	43.8891316204894	4
-31.8706524414305	70.5857789570095	7
-58.2310570488114	2.22212622039478	5
-52.2269776503297	-24.3304670847014	3
-37.0718261006168	30.7059679929587	7
-18.9049238318282	54.9584965005941	4
-4.15113812835849	44.0269536380491	9
-14.0643834037809	-3.89907475435545	8
-57.5864257130357	2.69399240814331	5
-16.1746138973149	-6.05169582684251	8
49.4323290467504	-38.5884627218415	6
-48.4342921745602	-33.0622441568022	3
-1.49084313686402	-2.13522642284768	8
74.7427874997293	-50.4290877374758	6
-2.2368488273426	51.8066469923397	9
-0.426395094298881	92.5798086658294	9
-5.27248478649248	-78.1773588233684	1
-10.8986542170334	-11.5861813862779	8
-68.6036549056532	-23.8154718391677	3
-50.1864083729734	2.53804495993414	5
3.3860201708963	-2.71186658132061	8
80.5301549013329	-25.8147840483557	6
-59.8857445042572	1.99609141058748	5
0.766315497938088	44.5779060458415	9
-39.8901750936284	41.9206499435675	7
25.6293919441972	-18.6749108736652	2
26.7925067689936	7.24692415515641	5
59.381808718314	-4.53417542162504	0
-1.43328907577623	-2.88597737153764	8
-26.6731699670337	64.1246622309829	5
-0.458724720715776	-78.1332618128516	1
-43.3546479322493	-59.4229932358322	1
58.1832517935144	13.5986471300188	0
-4.424936830026	59.0797688922455	9
-0.57087223487368	-79.2715512874945	1
-8.26630273326752	-52.4744316966821	8
48.1485591103143	-43.6899131894953	6
-30.9913229438665	69.548333206455	7
58.4910493766867	15.3755737426727	0
57.7021781929253	-6.91483936276376	9
-69.2850755504565	-23.8399517923076	3
72.6216647701797	18.5328170083908	0
1.49318969837662	-6.56039911804297	8
-11.9585631190897	-38.1064373261076	8
-3.91148501725139	48.1719474978102	9
46.7352346078409	-45.5531701731136	6
-44.239488044934	31.3764209774323	7
-12.7255237519332	-48.4920722734765	8
13.8639419741312	49.8148941654713	4
-40.698364601902	60.6947516114848	7
-58.9619700108159	0.927874052347954	5
-8.60821103733895	66.2055341358323	9
24.1281317888038	-43.2703258711047	2
65.9733223290453	-49.1771174777107	6
-43.41233542552	31.017820419571	7
3.74943891696948	88.0266568872265	4
-59.9740510388265	0.946216123188749	5
-8.21273997370188	67.6477509484416	9
22.9677546388655	-42.7914279759101	2
-40.9341165644418	-37.1520631797267	3
-4.31853333045978	-77.7400746007588	1
70.1811593603999	-50.3294154777472	6
-75.2361033059774	-18.0244998210702	3
-12.6507651329573	69.9352792213971	9
22.7162833487102	-40.6718113261023	2
2.07172961869451	-47.8753766896217	2
-58.8525742468952	-2.14067535300542	5
59.5964257219962	-49.7875645941141	6
5.01764794050591	-8.365658349982	8
69.0219711225007	5.10401390097051	0
-47.6178963619598	43.3362986908233	7
-35.5556563933732	75.5777970841557	7
10.6409875864197	-74.2921008189298	1
-20.1522049879241	39.8837459755366	9
1.40043426943429	-5.18403733267123	8
-34.7268017264755	62.0931474623086	7
47.7865835922763	8.8263305030739	0
-3.71994425957735	93.3814670484932	9
-12.345525450297	41.1741079146425	9
12.3007761171017	92.2413445427741	4
47.074505434437	-39.2563250084389	6
1.70981457860153	-43.8939512890863	2
0.749933612993489	-11.0595865659835	8
-65.391611370744	-32.2159797583775	5
-4.92606377522192	-77.3282691905918	1
10.9247436233627	63.2286670669954	4
-3.93128533519989	-78.3926563119389	1
-41.3422023892934	-5.43229493447883	5
-59.7467686269586	-0.508101031239311	5
-24.9700362651685	-62.0476225676186	1
-41.0859074341734	34.1252323344903	7
-55.794934568151	-29.3954069807027	3
55.0541349625498	-40.7017499759745	6
-0.565339126619301	88.3415151149236	4
-76.5381031576705	-17.5460582347015	3
45.3620616605802	-0.389500222191713	2
-60.4845089960688	0.707499232341859	5
59.8522701538099	-33.0372547713608	6
22.3411375423103	55.2081188709168	4
6.63135758125985	92.7270609010631	4
54.0560642415692	7.12001397018468	0
61.0117275865537	-44.118581254107	4
23.900524517974	56.9695144040839	4
50.436388125986	-59.4440258416132	6
-37.1608593039394	32.7939245336056	7
-13.8186074463219	75.1383645867405	2
23.7974305246189	57.5949919325675	4
-37.9181580645439	-30.5413819739657	3
-73.6199139005492	-20.3623126446527	3
-6.16461341613107	-1.79732920625235	8
54.5732809143957	10.931463307526	0
61.4566980755374	7.51459480127021	0
-75.2785670535587	-19.3519747790735	3
3.83833004599749	-40.6626296113863	2
22.0603204947733	-43.68317515786	2
-21.7356961500623	40.5281751622919	9
2.81161066427349	-6.48929324825397	8
-52.8548326807455	44.6745121746279	2
-74.4883749527098	-18.8404846555331	3
-43.7981281040083	51.2294210879279	7
50.3646434998722	6.76147770341764	0
-45.9794219461239	-53.1198574530456	1
1.02504471970236	-76.3785636194313	1
87.0008696616502	13.797072346714	0
23.9312413130233	-23.0367788211898	2
-57.4172843916355	-22.4312466966021	3
-49.8838288498926	-32.6265507787085	3
-28.8929376467222	-24.3209691244794	8
8.37663888916064	76.3737896844485	4
-34.8308539937362	-32.1613261649324	3
26.3157076814891	24.7448643921898	5
-42.7859982176309	37.5154410619251	7
53.1040726006404	-42.7086720921036	6
11.4770225073215	90.1590471162984	4
-52.0003416236733	59.1050326564218	7
-14.6435869617333	-63.9196866444647	7
1.87727622989395	-3.07717108816064	8
-51.5976419937856	-7.96258679128183	5
0.855036166771096	44.8113464716123	9
-37.7472889200036	51.4964838000977	7
45.9624057778062	8.54811898283433	0
-41.8748659208744	-20.0893737398447	3
1.80841218967383	-77.0779018786575	1
-42.8523169536183	-66.812507487623	6
30.4192798014739	-5.87463894757587	2
-27.7685336078904	51.3777327019993	4
-56.0736572141304	-14.6427098850535	3
12.510042183562	43.8701158945403	4
25.8805519357315	52.6163745146663	4
-33.2489453131286	54.8311605179268	7
27.6583734513137	18.2270357491604	5
-20.2562047904433	56.472762131951	9
50.576821618826	-40.7570818785219	6
68.9496634043367	14.9636766641154	9
46.4380093894765	8.04511624033631	0
-42.4002366495426	62.3354954760266	7
6.32573070770726	-75.4686306074534	1
-4.03985305270003	79.4645588698766	4
33.9206344979042	-7.60692797556318	2
-42.1472018958565	75.0371263863743	7
-59.6402520053849	-15.0285033317432	3
71.297942926489	-38.4234593357629	6
-34.9344205553509	28.9591014119467	7
-32.8227112727788	-7.79460026193526	5
14.0268415401446	2.87798852182795	8
5.13357227584601	81.0562152876662	4
24.6895695544325	22.1995452445272	5
-18.4085664833739	-28.355188310434	5
38.7323442394717	-14.0202419251362	2
-49.9618829219176	28.9250926401675	7
-0.555554540252487	-77.1584619045807	1
-30.020124355543	-66.6918120083652	1
24.9043892084726	22.6250917734582	5
51.5509048532359	-62.977364922454	6
0.294487139285714	-0.463741550656344	8
-47.0376833325514	-9.94318583417262	5
0.180777265074401	0.037421622398932	8
7.15721455014716	85.8746372748712	4
54.7244580130506	7.08495141538541	0
-42.8819922498433	44.2556801900305	7
2.5733585449109	45.750613367634	9
-3.37246859849318	47.3112322282832	9
36.8806587067167	-12.3741526283955	2
-11.0891426106099	85.1034147095476	9
-26.737424686595	32.8439435901881	7
-49.5882900423437	45.3731487095619	7
17.6401335269682	5.42229645546092	8
-33.5197020594194	61.2264640258949	7
23.1846630912924	47.9263652248983	4
-9.40187911900376	-44.7538879358626	2
40.1686012246149	-45.5005457077287	6
-14.2580491008869	77.232142153029	9
4.12857979160768	-81.6688971995996	1
-53.4777525791918	56.1326172140952	7
41.2841390668943	5.92866178680772	0
69.5483870191109	-43.0269527538382	6
12.8351045311187	56.7095095369306	4
-8.11778863735001	-5.67349868665966	2
26.4305666628236	24.579256425945	5
-49.9612792154625	28.9159223820105	7
54.6664995879098	9.47719001199202	0
-52.2225080589873	49.7856564295127	7
8.46482989898676	-77.1942031245841	1
63.4503153822373	-5.45243990079557	0
-40.6223629115273	9.81140807534504	3
-44.6509690126668	37.7914075344504	7
43.9966959650916	-44.5678243581084	6
-58.2974198426515	-5.36777554708313	5
50.1275456631801	6.15330568122014	0
54.8167364493877	-52.5612681484263	6
0.88617411702596	-72.1228425235253	1
-36.9885260886824	0.465196957020157	5
3.53024423407424	-80.4008363908204	1
-44.1336542984032	56.5435233699192	7
7.72402699652749	-3.21007608143302	8
17.7812629508021	13.6017255084752	5
50.6321392012286	10.2505982542237	0
76.3033080475549	-54.9779528702239	3
25.9161205705427	52.5898672800782	4
-26.3372327588049	54.7391351513541	7
-47.5507495780971	45.2944903338023	7
-20.7650615940413	-29.5358575618666	5
-25.9655211715258	26.3891512679304	7
-13.1477758539704	-0.0592912117549984	8
44.4787720782041	-43.7175815611891	6
-10.6083998802487	88.60471667691	9
-59.7496141337677	-18.8114735065579	3
-14.5197765105917	-11.6118138985656	8
41.4784607580803	-44.7958683498301	6
-41.1342218189722	-53.8234184258475	1
50.1341728446688	5.65231565312595	0
-18.0890703869447	56.5422301401762	9
-33.87518071606	26.1489349329789	7
-31.8687247204289	-61.5669314367637	1
-40.6029978678369	9.81193585731749	3
85.6087718906693	14.2247139920434	0
23.6676735536813	21.4849796200952	5
78.6202870282957	-44.7408821096725	6
17.7646895792481	48.4591037491893	4
6.10846636012441	69.929304446183	4
36.2929971199455	-11.8734766814057	2
0.0218615005208995	89.9095072624668	4
25.6364943379411	58.7100768272566	4
-60.8504547676413	-22.8158953547837	3
4.23184355368431	-80.9493007944073	1
-48.4034139939914	63.4030568387248	7
-29.3135500781946	37.5163949988721	7
57.1239810906513	-58.4003396032379	6
47.0358151377335	8.17765782560555	0
-62.8346497663588	-25.7055155291335	3
41.3188017876794	-44.9200709334477	6
63.5201559525947	-5.32966614614054	0
-32.8395331948537	28.0161479254009	7
-35.9907571590303	-54.3958638328667	1
10.6512745652455	-79.7541433096128	1
-26.3554462707871	71.7053877041649	4
2.98316884890871	42.6628355354451	9
-3.46150126768711	71.5740224211624	4
-37.6262326680541	11.30804580934	3
14.943720239631	70.1053878043409	4
18.1608683067768	3.07492290200309	8
24.811709686883	-16.2981434948512	2
37.8733742602939	-10.47012783413	2
-19.3868233668143	-69.3317201187687	1
14.5033495520974	3.97397544386489	8
-30.7766477327336	73.968415921863	7
48.7310802845588	12.1341516941735	0
-11.0977700864268	-13.8230923105725	8
2.84962587198697	-82.1160639313936	1
73.6767589834467	4.2948141945765	0
-53.6922981286958	66.5531628765779	7
55.3522313251788	-55.3251541487436	6
-62.5511905662939	-3.45257008439431	3
-41.2451586599968	50.2155660907274	7
-26.774440828398	32.8663486347182	7
-4.0016715527576	88.4775837852215	5
11.1411940689153	-9.34849129653275	8
-14.0496192706245	-13.2534013401629	8
-18.3524306541404	38.7036909887519	9
83.8215923931828	18.7796642950235	0
48.8602732920455	12.057255758955	0
40.4952653542738	-31.1535878799471	4
-8.48226063901639	-71.6948315141312	1
-41.4210588600952	-13.8746732859248	5
26.267779984741	-11.1525954098356	2
18.1188887700316	-21.6882043409098	2
-49.7902111131895	-15.5510043678682	3
-15.1507711399807	29.3485297167743	9
21.659293916311	42.4909174950844	4
-7.82937684367585	72.3227116019974	9
25.8872212966089	8.40614071711257	5
76.6727178113852	14.2988578095928	0
43.4276033915876	-42.1848467322623	6
-33.8084319125446	62.2132162929509	7
-30.7455346890521	38.2698934374223	7
-18.6650249542068	-64.0800422747182	1
-12.1187153783974	-20.674626725204	8
75.3974896989887	-1.90913837394687	0
-45.3349543220855	20.2243790726604	2
23.30082116945	-29.8160021511886	2
57.7042747063549	18.0973730028889	0
18.5591059645165	81.6334807215068	4
3.85950996539355	-75.5819768705996	1
-36.0442813623143	-62.7698449370724	1
19.6777201691851	0.091119443460226	2
-48.6729159921041	62.3820889304748	7
-66.9854331424475	2.7133212887704	3
-12.4128125001828	64.3541437364582	9
-22.322435293952	26.6774614810571	7
-11.9138167679501	-41.9691031407713	2
6.57470466945629	-9.64839059759766	8
-28.1318519082311	-58.7119437969482	1
-12.9048406971818	37.6754998190694	9
-35.0765239186469	-5.1612747297015	5
-7.13491557708152	-2.40043472257556	8
-23.0236514665478	-21.2961173043318	8
-14.1827063123242	-73.6336131466026	1
-15.9069924905537	27.4107458556553	9
-11.3177779095134	-16.9214867482687	8
-55.8697040245721	-31.6655152689766	3
11.4285869636036	-76.3031002161576	1
-15.5739916969429	-55.4089388795181	6
25.9419853261708	8.34006462586463	5
-39.7114519014827	56.7240131786667	7
21.01384675402	43.3247362627854	4
-2.58392151144335	-34.3651301175383	2
33.4100265894923	51.9855653629369	7
69.1158296971186	-2.3327616251962	0
-59.7283562844206	-12.1485748896625	3
74.7144768790662	16.9147443464415	0
-15.5377658932713	-76.5722436605807	4
-19.1375805150668	-76.9395210891572	1
-12.1020471258762	-71.6443563804389	1
-42.6503122701983	36.8194789169904	7
3.00211678465332	45.9066222110492	9
-30.9164886692852	-65.6224685161086	1
4.31109615542058	-78.7462048410966	1
-25.3020145099741	-23.5532315743316	8
-57.6161916442855	3.6812731286151	5
-52.4669287510138	33.8446977074089	7
27.7474530653437	18.0208640092107	5
67.5501774411087	18.6071710148258	0
51.2810667923004	-37.6387477032377	6
63.8699254636946	-56.8216083191302	6
59.089880745244	16.6006776558272	0
-19.1257208012019	69.6424363741879	4
-8.27855463858401	-70.5745082722978	1
25.0381879067462	-43.8419279980484	2
23.7179657846418	-15.6694755390477	3
1.75517381821825	71.4847673717631	4
19.3997234284153	42.7691710295282	4
51.7933259735521	-61.6089704232465	6
-2.89752042112272	-11.7550617452566	8
76.4196803521214	20.4284807046436	0
-2.08827625934005	45.5778664641703	9
-38.5597101647407	-4.85128140382636	5
-16.9365122703923	-9.0426715027133	8
-9.4777111861256	-64.7707679957219	7
58.6743635086029	9.04229382994062	0
-48.5072043800273	-27.3795670320502	3
26.2834569630254	11.5480251564099	5
-19.911658580512	71.1394331309928	4
38.9211356480147	-45.9125575629574	5
-9.80209305428386	68.7028771819407	9
43.8120810602193	-45.2311922774644	6
-49.2910226108534	59.8927548768171	7
6.77509882640297	-80.0716401270279	1
-4.32229027007097	76.6875838623562	9
41.2826289423799	-54.1868258205671	6
-25.0999344904356	-69.995767032134	1
-68.708690658597	1.88384736955805	3
-44.8104908375566	-46.7705017793119	8
32.9211580499427	11.5648579484058	3
-10.1118952014702	52.7479259942285	9
11.4847071645972	-79.6518843164611	1
38.7929051273134	-3.70738752048004	2
-29.8284420522686	34.6075543614691	7
-47.9329209885475	33.7019881507167	7
33.4255889016281	51.9811235886942	7
74.2142641676414	0.285322678867301	0
34.6450145769511	-17.3181674959076	2
-43.3460633653987	-25.1561670669813	3
5.56144360528496	-81.4457304024637	1
-25.7998232029403	-69.5608999355583	1
22.1083635961626	43.0854236363585	4
23.5908582446843	-31.5886922815078	2
26.4061717082311	13.2878553520079	5
50.440697143374	-51.4091287349404	6
47.8211589976009	4.08049106651918	0
-21.3161850772811	51.2783706868453	9
42.8483257189741	-41.1120557862891	6
19.3305103451551	5.89799360399925	2
-19.1028250222032	-8.97821822627991	8
-10.5755158266735	64.1714335754142	9
-11.5072226224206	-41.8277974500682	2
-42.1049580261988	-28.7957979776237	3
-62.8292705901331	-5.00840954184708	3
57.4302412108044	-52.7884699874642	6
-0.575673113316554	46.0173581008065	9
-18.2283918653514	-60.8414293859386	1
-31.1651867965779	-51.5291910841635	4
-55.4432068678524	-33.5082183856077	3
-62.8782167797224	-5.14522633067978	3
72.9942104332422	2.22098513601853	0
-23.8605867282782	28.2477707178986	7
-46.6202697652656	40.2095761087091	7
9.44790293989355	-79.0624092755992	1
-40.7207911319099	58.6714325097771	7
-28.2245252121611	33.689532827494	7
-48.7790006730279	-32.9749425935475	3
42.9186240678932	-42.3746478749575	6
8.04208845111781	95.8377966221641	4
-5.8802333975926	41.3763081424929	9
-49.1855764770312	-0.852683978487703	5
20.6498435544361	43.7054635374485	4
-2.70247802480632	81.6554485788828	4
21.450453619551	0.362667220877973	2
-34.0025277778414	61.800444218928	7
-8.00028981725661	38.686312063132	9
60.9852121604591	-8.4584544049726	0
-9.27962806632032	41.4870216245934	9
-17.4874750010673	-23.9174122394801	8
21.5740323531581	44.2457774684363	4
-0.375120022896096	84.7234736234307	4
-14.7854327821798	37.7430031253467	9
-17.3942893629547	-60.0728013657143	1
33.0145632744505	-19.6202968689275	2
13.7101257534219	76.3056451368458	4
-0.95567396546657	49.1229915266665	9
-58.9676728106497	-35.8144039693181	3
55.3393258030281	5.41782168683856	0
9.09771452456754	61.2745207551203	4
-5.98316918254799	-75.4670995353631	1
48.8232742682986	-57.3729312823642	6
13.8570046574862	-44.2682160579039	2
56.1508234333821	-50.5506631600194	6
1.52871541863218	-21.5496321289322	3
-40.3595205565051	67.8836602717812	7
12.2835651100352	71.0440142445849	4
7.47261263037134	-47.5865403181029	2
66.691759452877	-45.1827720584728	6
80.0824760107455	-25.8526843383215	6
-47.9149189554482	53.5121091173943	7
-41.821978910556	-59.3645254899451	1
-11.6448504995526	-2.30114244527821	8
-4.14678836318288	92.5005066699404	9
54.5548879970665	3.64000799235979	0
7.99499212574896	95.6445284611347	4
-19.266346463684	-74.0410123693881	1
-4.19477656744978	82.747146668268	4
13.363955081624	-44.6688620830458	2
-22.5038395483156	-64.6937194798575	1
-10.8872883489985	-7.47634939610806	3
54.8626535198372	-49.781077396083	6
6.89447887905569	63.6298080773134	4
64.6585412497184	-56.888479515202	6
-37.5726283692157	36.1281448912642	7
-46.9248602314206	-5.62903892897411	5
-10.9694305071823	-6.13850068440653	8
-45.4714307661013	60.4191352738729	7
56.1628623775419	9.66623614622454	0
-38.0634946759349	-21.6148825105398	5
-2.40887353505517	-65.5454600857524	1
-7.17585169109772	82.5489954760871	4
16.3675704219511	-46.3834622965682	2
3.06900895368042	-11.5644150127536	8
21.419378564896	56.3304412356295	4
-43.6888688094939	60.1572266658491	7
-37.7274033099603	38.8049878711905	7
-57.3501267118142	-33.339466571789	3
51.3684076442249	-0.984008740842044	8
18.5384081469879	81.5411562038276	4
0.0681874917326826	52.6912182672966	9
-66.030843622717	-29.2726413802469	5
-13.9025188904771	-1.46386327877797	8
70.3383774063625	-47.6032801579179	6
-49.497752143054	52.823261848399	7
-50.6360964402182	-23.153915393979	3
-27.9922589212803	51.0494975411651	4
48.7911922157524	-58.6746510739451	6
-47.6112709720125	35.8003319242819	7
-26.190066543928	-58.8342375145622	1
-48.9454835445923	53.7933977021358	7
-18.2649332936131	75.2405978540933	4
0.886309883893908	-22.3290681025395	3
-61.4030011893963	-35.5695802136296	3
-10.0478404293092	38.2573060609849	9
-17.8763955117701	-24.5806702578797	8
-11.1559464041998	-8.28955499688086	8
-32.9407606581838	-58.3503930766457	1
0.1513627863942	43.1634509223908	8
50.474250805406	-62.5367482343474	6
-0.636905631232224	-21.4058140073452	3
-30.5025172054844	-58.5645742621934	1
-17.3588975161921	-57.7541235591343	1
-0.700549373912263	49.6931840458178	3
21.3215346598679	27.1351541157317	5
4.78519763683051	-49.6682710785296	2
-15.2224283844344	-5.26434746712266	8
19.2659351479304	67.9220042031629	4
15.1891238979205	-46.0471215119395	2
-16.7954888210032	46.8888185578664	9
-50.8618276748357	50.6322265913344	7
-27.8170561968393	-57.2923305608022	1
2.22075664473623	62.6506819634977	4
-21.8594231536608	-24.9318822982482	8
14.0920876294184	-45.3286904351608	2
-16.7348380280798	66.7355334825217	9
61.0707338494203	-52.3189670921322	6
8.39650289900578	79.252409111628	4
-8.602169404304	-55.1941951102367	1
8.43474900008792	-35.6070700287539	3
2.02286722184466	62.0964304344836	4
14.2701668893019	-40.6066347652014	2
2.56938160882278	12.5904059084708	5
19.2837117111129	-23.2688604412367	2
2.575559307911	12.5940622923227	5
65.7894866417869	-35.9869275941934	6
-12.6141480672587	-3.90493882052513	8
57.5856169680872	-3.75052081722676	0
64.7550398797631	-36.366120414463	6
-20.0343550564749	-47.2353083112364	2
1.85952246420934	56.4916508863065	4
-3.11849395520964	61.0224415232167	9
2.0595615951165	57.219480262914	4
-9.83291742414347	31.3672820813431	9
2.05752107245667	50.750698806095	4
80.6277805890538	25.6303879363694	5
-10.8854032208175	-58.6726157572262	1
-68.7302231000639	-32.7144142743365	5
-12.9099451113809	-0.807869771574346	8
11.6417042895103	56.1489573334393	4
-50.8653257371042	49.9422409422446	7
-30.9727653565566	-22.7021285353725	9
22.8907172352058	24.9513510474819	5
-19.5997159517377	39.5007101969674	9
22.5276845944737	25.1889854061784	5
-14.1476789469868	64.9321360579473	9
-8.28304958460262	-54.3997755127932	1
-28.8914447242202	-10.4471706325422	5
0.0677526659930929	-18.4430135782406	8
-46.9192653841768	-30.4324505354386	3
0.883049144286144	51.1004792859713	9
-11.9237904884015	44.2153368942094	9
-9.7861816423532	-54.5536379102106	1
-8.39143656513689	-14.6104273385615	8
-68.1159057624509	-11.8505898220907	3
-17.4202583932206	-8.58391430262902	8
63.3838517353299	-42.1090131848442	6
-32.1882267513284	-3.68120894657304	5
23.1733624647814	-41.9291183461826	2
-47.8641907403136	36.8247626864092	7
-2.07130770245566	-24.4708623589997	2
-26.2374647759948	25.6269132423722	7
56.1013520537264	-39.7605766662257	6
56.6978806221519	2.71026675613435	0
-1.91571381691159	52.4570132502691	9
-50.7317214057547	63.7862786095655	7
-10.0574380404372	43.5928917029221	9
-0.0850178336054239	84.4184314497882	4
51.2121627004434	-47.1840135057693	6
76.828812376299	10.0034318481972	0
25.4124399648585	25.8598026486401	5
-66.9461578240949	-23.8407838611036	3
21.3571299910206	26.7633866030647	5
-35.9209325460035	75.7640890201918	7
0.221492633653289	-22.72080687923	3
-17.0015388902813	38.7679615095343	9
-0.527323496016049	-22.968669298234	3
58.2805659685921	-57.9288444258259	6
-11.4079516551705	-1.61775960094106	8
-43.7096795022895	-26.2739881514302	3
-9.73871904273842	-73.9212497502694	1
-40.5674734846472	64.7708549597849	7
48.4172735366212	-42.0889071385402	6
-58.274163047768	-5.48172847930274	5
23.5287679230552	23.8555343831936	5
-35.3745538883784	60.3952430006475	7
53.3817314513517	-39.7825886681149	6
-6.30401468903116	56.8897845143475	5
1.67059537985079	-2.69058116972675	8
-11.9456123372265	-43.7364600459494	2
-9.18722121431536	-57.4760624041674	1
-41.6636451736367	42.1731086268193	7
0.517685940333173	50.889221531364	9
-7.38378955374717	-41.473182840229	2
-44.5470456195386	31.2057552230098	7
-44.3970006845458	-33.2956515797189	3
51.0277971109691	-49.8912457158027	6
-34.5991578276889	64.0460605290391	7
3.89782784418136	-5.4651398273367	8
-37.6467542252075	0.320169115778814	5
-7.24631493478718	-59.8880665456421	3
-26.7275714479398	55.4331756712843	7
-49.1214740558677	54.6023958881672	7
-22.4123780721498	-16.4183750612779	8
6.18611388629871	63.0429451917357	4
50.7536114043859	15.1912358028532	0
-47.4618921228066	35.1374133779951	7
-35.8650604289007	-30.8618498390133	3
54.8466794431605	3.00884943174886	0
54.0211754168226	-61.6326149016652	6
1.66946496965245	-21.5995239730477	3
-57.6489640836726	-24.8858442968648	9
-40.910952877363	39.3021662195359	7
-35.8112740308482	-56.039302238575	1
-9.83090270800967	43.718405951508	9
-46.2241550407417	-8.33171176843106	5
-7.24058383003285	-54.0879649663593	3
47.4949484178942	-44.6125234492016	6
54.5232967057801	4.58431767342684	0
-3.56403045912706	57.2325442612244	9
21.4688578973327	-43.6916491855244	2
-26.9226460839437	-23.3023742866313	8
66.1774377381005	22.2569196798671	0
-46.7350866508958	-16.0884051456488	9
-6.72417965618746	-58.6718964294455	1
77.9551362927709	-42.8695814842927	6
64.0579629290135	13.6939803997087	0
73.5839671080293	11.3078888321933	0
-9.3727074877591	-57.2550515980391	1
-10.1627774265941	76.0797540778306	9
63.1721548477916	11.9846548563195	0
70.3980703502426	9.60635309003445	0
6.10132939479401	62.9017772363147	4
9.90341072725751	-36.6460417147309	2
-6.0181533936592	-56.3726632140101	1
-38.0282730989007	80.5915475361012	7
53.5610128739997	-0.145668295354816	0
-40.1689402282871	-26.6271831237179	3
7.20666296880807	64.0185178025025	4
6.94935044218039	92.9080587049956	4
-38.7252553726952	39.6688132060966	7
-39.8544452712556	3.69453201412712	5
-9.13229440010894	44.2257209346212	9
6.21235660882182	-14.5783090548442	8
28.4323430383141	-27.200702747811	2
76.2227790820536	11.9489195071629	0
53.3298022962734	-0.193116352365411	0
-12.2708357147523	-13.4078474736848	8
50.8502223359378	-49.7041349416631	6
-31.3951846307191	-78.7630417820931	2
29.538740838547	-26.6696476561397	2
-48.6323007385566	44.627594026209	7
51.9311046985313	-46.761019780818	6
-36.4237848091803	-64.4435482770825	1
12.2220793851812	-45.0459726266274	2
-11.9766758066092	64.9842392763222	9
11.4037330306586	-45.7409241765609	2
46.5425419134113	-54.9633649682742	6
-7.44821469498994	67.8584426616046	9
-50.4126635434147	50.2446627270503	7
-0.0784733152111586	54.7486174287257	9
-2.04823130543431	79.2833188644641	5
54.6221657780924	14.2174828677751	0
44.0106611848913	-59.3628927869273	8
-0.381999398548051	-71.14103979855	1
-27.9283589141893	-6.11920473181154	5
35.3193923132925	-13.7693941737648	2
5.31639335590593	77.4717708394077	4
-58.1277082530693	-20.9893799538226	3
10.0889131949211	53.7163075529027	9
18.5664033979063	-66.6410314274206	4
-8.35235017539869	58.4239752802142	7
21.7430126459661	15.231411175584	5
81.6601018710712	-44.6716041828509	6
45.2976688754571	-49.9215343359234	6
-38.8351991429776	78.1957345464365	7
-36.4474995097792	43.0263896738797	7
68.2087960396685	-54.2749792738582	6
8.32900797132067	-8.66972502845509	8
-47.8435421079752	-9.85866291664983	5
-19.7173926425126	34.3396384857014	9
-44.9785731550059	49.1059329765542	7
40.3612160624261	7.99641484592705	0
77.5637900254443	-43.7501378081515	6
4.2461564610761	-69.724240976034	1
-20.6101762812773	64.7212113735053	9
39.6113128244318	-13.2786067159384	2
-46.4697324138211	-27.3419709214093	3
-70.7914922623913	-6.43578963822488	3
13.6881312537206	24.5456224401972	5
20.5469346484912	50.776310815295	4
-47.3222213631115	-22.7233781002824	3
26.5626333654069	23.1274134329096	5
-27.2006610498984	-21.8062611011822	8
41.8886242162916	-49.8742112320867	6
-36.2533555205163	-30.6027464112756	3
-39.8234249999297	24.6497111328089	7
-1.09254248562745	-34.6578212558581	2
6.28638574110464	1.72149119765673	8
10.4624299439859	93.6376274707254	4
-20.8665310319487	34.2728116051664	9
15.2262654898045	17.3546406139139	5
52.7521515062594	11.8703262885583	0
27.9304206650857	-33.4692930136032	2
-6.19741998805591	-67.4424896768818	1
-3.28008548908228	77.527439062893	4
40.9698649900057	-13.2627050584515	2
12.7083990530749	94.0743796074468	4
-60.0696174631524	-16.6534629968972	3
-37.7423139309323	-63.67110397257	1
-36.5206137452915	28.6364274432342	7
-43.0770411979751	-53.1275702903004	1
5.79249342158116	1.72511492842816	8
72.028929519731	-4.0914525984808	0
-17.4065760950242	25.5997867417025	9
59.7711721734862	-47.5015647780018	6
5.02009595571505	-0.793912260923368	8
-23.4777249361443	-69.5225502802943	1
-14.7160531626234	29.1046470021098	9
8.56231145557463	93.2962569201938	4
18.3934286602327	-68.2309688555933	4
-9.35283671846465	79.3515954987558	9
-9.32936456183677	-70.4274316814367	1
-12.0035257050729	-48.7522737244201	8
-13.0940016852256	27.6370391155466	9
79.5387469975052	-44.4885583364594	6
24.8708450570788	16.5184485046683	5
-31.0172957954403	9.36420152892974	5
-73.418005001683	-13.1010230525084	3
-55.060599161171	-27.4790275973751	3
57.0703580326226	12.5176760189487	0
-43.9242770623981	-58.4055976461236	1
15.1875548484773	-68.2765300422161	4
-46.1066789646963	-25.0846555070026	3
5.59024669524429	0.248168869227375	8
-55.1284204998232	-40.7331828961522	3
14.4230015212684	-71.4259403978939	4
34.058815748083	-22.4231350581653	2
54.5860644924224	12.6413377888629	0
-52.7775860967422	54.8965858159469	7
27.3574939763003	25.2656266212825	5
-36.828613678954	-12.773254573838	5
2.26898347944469	-82.3465668127838	1
-15.1824268433074	-9.62278717406569	8
22.0459274931824	16.5354521000816	5
-59.4937729993008	-33.0307608686494	3
19.3221089752091	47.8702560533458	4
78.5868814253926	-47.0887081135859	6
53.6582445951271	16.9311602900223	0
-35.7552271588317	-2.58370906585649	5
-22.2479709304733	34.8918205708065	7
-32.7462139803664	-66.9994442392905	2
61.1659896256611	-47.6282293609378	6
80.1278523177417	-48.850281541229	6
62.6282494317295	10.7820998440506	0
-17.7524018350981	-70.7899937713684	1
2.4128713907642	-69.9433765844975	1
-21.5836672435	72.7064216451052	4
-37.0800546243117	35.1842666767096	7
-20.6197579797521	48.3101885040043	9
52.6138935517181	15.7834455567963	0
74.4502628827685	3.52951266535693	0
45.5193125266351	-48.056366450848	6
81.2811602070739	-48.9693737762496	6
3.77161675129411	2.37868482139097	8
54.0630006121227	-62.1255664416781	6
-11.3437327499842	36.4772242396644	9
1.40592054024812	81.0467518024635	4
24.2562857973286	14.1409539365588	5
-4.34694233901021	-34.4697104429238	2
19.8536528626237	-67.9166029406101	4
-10.3672288713787	-53.9491937295962	0
-33.1980488443441	32.2305647940792	7
-34.8542679077986	6.92935848637654	5
42.0528241316814	-49.9628574937682	6
-35.8082110702558	-12.2095096229799	5
55.3496279650173	10.6205503413099	0
3.14001402505026	96.299530229442	9
8.78286541907616	-4.23072240028181	8
72.6632978965884	-57.4733716729438	6
-7.99182963518001	-70.8475377817923	1
10.6506301675037	95.6543466468016	9
-33.6831562175277	33.2229471115467	7
-33.6391207734568	-10.3639136800068	5
-34.9370316126857	33.894303759836	7
-47.2007227569656	-7.14184511286719	5
6.63421936755744	-76.9109969934869	1
-31.0839811877012	-54.2889134417298	1
-73.9148566136963	-22.5791162090292	3
75.3498742099428	18.4567987835272	0
27.2033057729061	-41.1792810178317	2
80.8690496878234	11.1081291728692	0
-73.2557173700713	-13.8502202716998	3
-22.7961894833861	-14.4516381726903	8
12.7731260421336	-78.9298102907776	1
70.4276167476239	-38.4192475683085	6
19.8629323009471	-68.0680236890942	4
82.4668538695602	-45.2596650584906	6
40.2730941014391	-13.2921248653948	2
63.8244257784397	-53.6394496929877	6
19.5682393625936	-66.8691544411221	4
-5.79081166898926	-5.91669111416547	8
-2.81784508995237	-1.2582239851406	8
-40.3738630303067	-54.4393010219813	1
15.1402829173491	-68.20318655239	4
5.83151272742217	81.6242186568083	4
-22.4913089999387	34.3235123932594	7
-41.0597157999059	-57.5928129283777	1
39.3594790826721	-11.7487624396214	2
6.06020987011117	-24.3945308672894	2
-74.6440988052738	-16.1698916117692	3
-22.2856017287965	67.8429275522739	9
50.9338546465499	-57.6414261291993	6
-32.2351055642458	-47.9708934138746	4
-15.5872612560188	41.8878113182679	9
-33.2338958784375	-1.71776049727864	5
41.7901066104885	-52.6315879959485	6
22.7863847140051	-18.8548176237378	2
-71.3763455634082	-25.2710090740894	3
-7.47227564532084	87.3691898551779	9
39.99888922545	-15.1030277700046	2
72.865703756882	-53.5257251465509	6
39.7042729710017	-14.1009082029487	2
-37.641196222027	60.1506868193573	7
22.181989439658	46.5068606642328	4
-49.5482495741507	-16.6304019459711	3
48.0918760881009	-44.780607566972	6
-18.100452687378	75.5954487449027	4
-13.6739906413396	27.781331743103	9
-48.7081953982005	36.5217034818124	7
53.1218782058671	14.1353950077593	0
-20.0407687072614	-47.1482514749538	2
27.2316420103428	-41.170964019268	2
0.817779573273214	47.0777316063722	9
22.6440146777271	17.8538332614798	5
-4.74418094414354	83.4605449261637	4
21.130801156541	14.6814869076722	5
68.2594068648351	-2.00436897265603	0
2.19814715786868	-73.2277004544052	1
-14.8283318437659	84.6172242884471	4
-49.5158507239389	-20.3058117157429	3
63.6714679799403	-52.0446508631402	6
-58.9129859318313	-19.5604774632213	3
29.5984359374525	-18.9795615039627	2
-20.3037539694056	35.1282936822909	9
-31.22918036537	52.2641092765703	7
26.6941614416585	12.4120558776882	5
-42.6935665021674	-30.2241312344571	3
-36.2157802954394	25.826961370381	7
77.3406099554805	19.9449768052733	0
-9.79342846648034	32.4011717975461	9
-38.9758740644561	-12.3500001020524	5
8.12882377761129	0.851035980938829	8
-59.4848791692458	-35.7526684705906	3
40.9489647139921	-14.6202571710552	2
83.4266574125697	12.2546222733456	0
4.83100876517527	-74.398692281264	1
2.30725646208022	-13.1204073370451	8
-72.7426598200946	-16.027870948119	3
-40.3214431521042	-19.4934208270726	0
8.36783232262324	-75.7556689786089	1
-3.72506598702404	-40.9886041930476	2
-71.4480288335326	-17.0069648702414	3
-8.31391454094222	81.9594532135146	4
62.3912267238732	6.05432747997892	0
69.0764107665677	3.59589367718167	0
-19.8873747299236	-63.6659124598041	1
-36.502296961899	79.0999887128315	7
0.810096181613684	-45.0526845414936	2
-13.9179589276875	30.4279534965655	9
-68.1966740382419	-27.4410139016352	3
-18.1370174434495	47.1673253402252	9
4.11399491863958	68.4832128273776	4
-12.0031786954712	-64.6687266545644	2
13.4817407964741	16.0430719725966	5
-22.5736837416018	-11.8594687494688	8
53.3509223304885	-57.7950409781126	6
-0.445481824846556	55.6740889483927	7
-40.1629601213087	46.1829124076854	7
-4.20610735549654	91.8036393876139	9
0.0872910990539012	-4.83806530651354	8
-6.98242314416681	87.7959740265325	9
-13.9694797303782	52.7552403071411	9
30.4703823921948	-19.8236285956904	2
66.5921570421419	18.9675815873344	0
74.405135376633	9.02430130970969	0
-10.0032749132318	-69.0831617220278	1
-1.80415504531494	77.8838213366141	4
5.51967981355059	-49.873664696456	2
5.60735670793625	78.8175723640675	4
-57.4763481387694	-23.8035567993577	3
-7.95729590333712	80.3400034163725	9
4.29778460872009	68.6087988093687	4
-40.4066877701348	-15.1152820303528	3
17.283969129892	22.322287722454	5
-41.1464599614752	55.4356337814656	7
58.4867808887056	-45.6733583155616	6
13.4193798560854	24.1077646885934	5
-41.8180277169482	45.4746037657062	7
-34.5065118096233	-63.1055757815458	1
-4.77235841425498	1.2264244531787	8
48.585471477243	-36.4490668383938	6
-11.1176949592374	47.4557072103201	9
-42.5213357101132	-30.4954621992564	3
76.3453637651223	10.5178535930418	0
7.25147652737517	84.5319468127299	4
-12.7298741955678	-73.5991586481456	1
-2.27466340340146	-31.4561541026389	2
5.63019537692669	-48.9780678823731	2
-28.8107941920156	-10.4462285211197	5
-68.712431571491	-28.2861075411496	3
-43.3674150141962	74.6954170240936	7
7.75645772875095	69.0148589065496	4
-36.5939983958864	-58.483158628285	1
-50.2233697845509	60.6070461285006	7
-57.4677107050634	35.0123973593526	7
-3.12078252780485	-8.67287293786652	8
-20.6286361170415	-68.3172890171809	1
-11.715959266009	46.3526606827148	9
-0.634020766090005	-32.6498643150936	2
-68.7171430523673	-29.4218854547148	3
38.2826028255145	30.5165600476381	2
3.10826277389745	67.0555947121454	4
71.0697422425196	22.2313332726262	0
-13.7495031044476	-74.6504869176643	1
-16.9183020572608	-16.3207377749352	8
13.3051881448715	60.700862992801	4
-53.5926454685653	-39.7917882475261	3
58.6408506501267	-47.721971218629	6
-49.2251861046955	2.31118919697528	5
51.8540675630212	-57.2865499435412	6
6.71557922689977	88.9612335725804	4
-41.9952110901085	46.7059147856779	7
69.5318336444683	8.13966627093582	9
-51.8242623112911	-17.2488733135038	3
-46.6690810712118	-52.6009900301011	1
-52.8847663567026	-18.5551339385127	3
62.2249177470423	17.2243048021522	0
33.8202978674526	-22.5002140714276	2
-11.834039627059	-68.5029238435188	1
-11.3730880414987	-68.2186203186468	1
71.1522242335727	14.3731974125531	0
-3.99228971079879	54.2546635236531	9
-13.634057181562	77.6576201872593	9
12.7691472652074	72.7871862857094	4
51.3324714806348	-60.7314102696292	6
-40.8477913601814	45.0589108458998	7
83.7381188017981	-47.4926825384148	6
-67.3378134937057	-23.6543827271878	3
14.2121348417251	25.5497713735053	5
14.071774416906	16.1528987273956	5
1.74530168231436	79.01283773577	4
10.2412458088759	68.222017216328	4
71.7148431049398	-57.2840863668532	6
-4.67768341084665	59.6700553798945	9
-44.3059716535725	-56.1157179810032	1
-16.1185949848864	-67.556586011659	1
-53.4060155590553	-24.3722902818234	3
-21.2129808839618	-69.7711680477319	1
-32.2686324744992	-57.5009054845946	1
70.2678589001926	15.4658546929002	0
-18.0308740122715	-3.89158023354159	5
-12.3009887005415	-69.4264520543358	1
-30.1259047956305	-52.0977642633449	4
1.88896649153886	66.8628530358423	4
67.0538901673974	-53.8455553990043	6
57.8901949030431	-47.8412566035055	6
69.68079157763	-51.9961291405719	6
69.1415695680988	10.2420052399083	0
-41.6208452833296	-58.5543341301126	1
7.77058401309872	-49.1549725058562	2
60.5908897043107	4.18761423600468	0
-4.46372312067126	-0.054908827095031	8
-25.4398902597328	-50.4486318334459	2
31.1465774295455	-21.6059018693746	2
-35.1155486075094	-58.3636125780414	1
-16.2802684268782	-73.5658403065829	1
-57.3438939204458	-35.53835163012	3
-50.0905535171424	62.5199088354149	7
-12.9978964024441	73.7587454696774	9
-28.9696087657274	4.21195739104912	5
-70.8424551526968	-11.7937100035768	3
75.0690188049123	14.0366907411112	0
34.265741348061	-6.98520167958961	2
79.6146431002762	17.1636597693024	0
65.4948907092967	-48.3061078397189	6
2.64972600599919	-47.0579497362254	2
-17.2238136614755	40.6611535207302	9
77.8946714708935	15.5860742440892	0
-41.6383761410197	51.8419232263164	7
58.6178996878708	-45.1805030584724	6
-4.92557069066502	74.3986978233595	9
-11.3575677434254	61.1217496901978	9
-18.717058398723	-70.1796807938296	1
-6.96952512391174	-33.3521719118832	2
-18.6135635694028	65.3649571041875	9
-63.2539089984615	-26.8723667001049	3
3.61608043343088	72.9094460342633	4
-41.2792485112859	47.319671196921	7
-17.3818050018821	79.937459172144	9
45.5258349935988	-55.2021794933331	6
75.8182419417712	1.42988524897987	0
-8.37243067109608	62.7099059669814	9
-23.3094859055001	68.4844083356177	4
0.518355504934072	-3.81787995369717	8
-39.2365941954234	55.4547753966223	7
-40.578897140606	45.6211409495114	7
-11.8525928085072	79.1484590532065	9
-0.321778051836803	-5.18448276450222	8
36.4081296668922	-57.8260362574153	6
-6.76419439621253	61.775725626654	9
-38.4308624196305	-22.879351100908	5
-1.5457131029509	-34.5404289476226	2
18.4503225815027	-35.2739961521882	2
-2.24688281971252	-35.2772404697376	2
-50.483477561137	-23.0975406488207	3
-5.33855328877717	61.8556146820421	9
10.9011923387163	-2.3581077409887	8
0.562059483792187	4.30554928486479	8
-20.0191910972321	-25.5603699502585	8
47.8754605013934	-48.1525627890104	6
2.58693355767027	71.412986095142	4
12.8661020832275	56.9808408160296	4
7.40117647547048	81.4909517479214	4
5.65369259346205	58.0260679474556	4
22.8182310372136	-26.0576079804202	2
12.6578903257031	57.961184668868	4
72.3544039524601	-42.5208795472278	6
74.5857853050043	18.1890822302465	0
-42.1628470563417	50.9391451686334	7
75.4673629481044	17.2011238343561	0
-37.6180914814115	70.2794469931216	7
-3.80318176323735	-8.36384964031198	8
21.7083770939131	-25.8187117582436	2
68.849800259625	18.5151821943508	0
13.4789796768875	1.21738899498789	8
-2.48221227871467	-6.0197793588785	8
-50.3060433119153	-11.0404395751887	3
51.1427351771013	-55.8413738268085	6
-11.5628824454329	-11.0739032543874	8
60.6613556406815	-45.9552662489429	6
79.5427094025967	-46.8567825210534	6
2.31003683139882	-10.3038349382782	8
-29.6052725979843	-0.433480029090059	6
18.9587760858635	21.0610017673508	5
-39.8984682182056	-53.1782355250089	1
-16.7103936277132	-71.9127453987573	1
-12.6820490318848	-10.330386109705	8
-43.2011767469352	45.7760452468884	7
-20.5655970292499	-6.45955306605001	8
-69.5242716852405	-17.8555949843979	3
70.4126389214239	-57.4682591286645	6
-2.87320605233395	0.0249937403407699	8
-12.8779608777706	79.0370487845993	9
14.6124030562852	19.8840325160593	5
66.7738637447545	-6.14395828237508	0
62.9634684428992	23.0625306709668	0
80.0500109188377	20.5854831122489	0
-69.8630297154482	-20.0767615570879	3
18.5452233462742	-28.2311441461806	2
43.4128497454524	-53.012501958508	6
73.0042904285072	-51.2953095739862	6
-44.8774621562154	44.4607826802596	7
0.276557742337632	5.04086859542701	8
-69.7372300429685	-20.1454072240371	3
10.9562885579069	24.4674243353354	5
-15.640314260177	-70.7977591362068	1
-19.5551945735968	72.0772074324155	4
-53.2712041212475	-23.4617543714944	3
17.6806881251088	22.8458084603334	5
-9.8512984827136	49.5669271128509	9
-31.8672917228922	-47.150837578083	4
16.3953930599799	17.577111908792	5
36.3059204774981	-40.1070002492973	4
4.00388025844438	-82.5721734713104	1
-32.1580009408863	-54.8902684896628	1
13.6423373627093	18.5104195002797	5
15.6259720416229	58.14332648301	4
64.9980566176828	19.9059999650849	0
-8.66691581242326	87.2757289876028	9
-51.2641844128529	36.3018409080945	7
-38.5103805615135	-62.6152204829387	1
-6.64804630228378	-31.9748205027074	2
-32.0847181498862	-15.5706640058244	5
-50.280827291757	61.3555624994049	7
-6.5616601466252	93.2510445382534	9
17.3070941336003	66.7815895550403	4
68.2668676816224	21.908640939675	0
-68.2396381106931	-18.6961636768384	3
66.4925841354353	-48.3619019596133	6
-11.7864758115553	-74.1799583109613	1
-56.6984103101753	36.7921029776036	7
-45.3528364458656	44.1739791464882	7
-29.939155361676	-4.38492753373449	5
42.4519436745336	-53.4926369202938	6
-42.225833173016	-22.5100118959906	3
69.0028294911388	9.63672841271808	0
-42.9204929383299	-57.767120167145	1
-17.2472425005297	-58.1316622718617	1
3.90769095908735	90.6078906077958	4
15.8365227314332	-46.3235027591742	2
-3.79897262753066	82.3028128012024	4
-57.8019806233308	-13.255190390928	3
58.6009478158629	-41.4607590888186	6
12.9212027138629	75.6049239802491	4
-8.87774256198475	-66.2791352538401	7
-34.9978281009615	-1.33272547797554	5
-41.1608218769234	53.6084359746829	7
68.9499556638905	-49.2450245266119	6
-19.0423332022485	67.8728217691358	9
-38.2939713076726	75.7354449399187	7
22.2527514234202	-48.5808080378859	2
-12.1223972105542	-12.8435363270233	8
-25.9074770767485	53.38800699129	4
-11.2314485270949	80.6823713639042	9
0.337979733210651	-15.9633510289335	8
69.8585026604405	12.1201684361939	0
-43.6713676086742	68.8280867029486	7
-10.2486061484522	-55.663322459889	1
9.03139893137174	-81.0687926264014	1
20.6312230210971	-48.9298191611718	2
-41.8913781818332	-20.2269297730346	3
1.70074771930659	53.7495951503267	3
-37.7769222176007	-11.372839974707	5
3.33017409988751	63.7462150990037	4
61.7629933843631	-59.2581978918434	6
14.0772155681969	20.0260390537285	5
75.1665483193426	11.9078427190446	0
55.2853383716407	-47.3904069416184	6
-62.4883140794246	-29.5971384763295	3
-51.0044960379803	67.5466892828908	7
-37.1206518802913	-20.1359184503975	3
29.013828509038	-4.55449152661688	8
0.38618306216821	-45.1893825308794	2
-16.1176941789618	35.3292837780414	9
82.7254363828072	21.0661294660716	0
64.0325707471337	1.04351427432552	0
-13.6598751423293	70.3663554405089	9
-15.2803345573828	-61.2754711516877	1
-7.50713622995144	-39.6803649706078	2
21.4970137797655	-48.652320965748	2
-13.1385820253073	74.1431462528972	9
-58.4618930216244	-13.7373714383217	3
-12.4517770327675	79.8628741112733	9
12.9990389189393	68.3627338555066	4
77.3417618465876	-46.6065965787761	6
-49.6416701361101	-3.33261338151495	5
38.2823486961368	30.5177155991609	2
46.6829565164922	-53.8184620624959	6
48.5668749708997	-60.1732019134393	6
-40.1313835929916	39.5257552488375	7
81.2004160351475	-48.4541176443717	6
2.55258629307938	-4.83879320550462	8
5.97188130555068	-49.3032215192237	2
-15.7977834233251	40.7651912902714	9
31.9267968195225	-24.8274751116512	2
67.6858865456717	10.2470913645904	0
59.2339469938445	-54.9781148337553	6
-37.5120515063146	52.6447006609521	7
-1.07042578922461	-35.369257764208	2
-4.29364391136974	-0.779701744116454	8
52.9525356576478	-61.9579758007306	6
-13.4622957969235	58.3945198447483	9
60.213984253377	-8.24601194171089	0
-9.40683288493712	51.6018439274924	9
35.7287307388839	-58.1372336524746	6
63.8530977692492	2.47647652212956	0
-65.1553540374906	-28.631347638754	3
-3.05043170899443	-64.4018659866823	1
-27.0302214039367	-60.8535239868294	1
10.8228826389034	71.7568764343998	4
-0.362028396337111	92.6038842317718	9
-60.5939872757067	-0.679702407668844	5
-14.7232862226075	-22.8052802807797	8
-1.61948542845087	-75.3007152955036	1
79.5076850206316	-24.1598016631703	0
46.9609987099814	-54.0676555554723	6
80.1861843513276	-50.0771590584413	6
-45.0202338776422	39.9429892239416	7
-13.7938707021078	-28.5703581176238	2
-64.5193865716585	-21.8801251127053	3
3.49213363281694	79.7182541562191	4
28.3924467902702	-14.3352483014	2
-70.6572353487266	-2.38774077049991	3
-5.58907610511174	63.8951647618556	9
80.6033162039515	14.6322714172119	0
61.2792262129336	4.43846248849939	0
-20.8479091679612	61.5529783979221	4
-56.100374915641	-4.22975429949492	5
69.8369966253282	24.4363291460111	0
45.2569157211838	-56.5635278687079	6
4.47609470924167	83.3943629521048	4
-38.4127038519575	37.2110555728913	7
-1.47441467912647	71.1090160814615	4
-72.047662602504	-26.1529624988466	3
-27.702435553019	-61.332169151456	1
-20.7165842310509	49.3735466182291	9
-56.1016261713315	-41.1585811844391	3
-16.7691283311449	56.7175262366092	9
-27.7443576615293	75.501217452376	9
-64.363697639646	-24.9599001226141	3
-39.5097191087073	-63.6250558518727	1
-8.94353434182375	-9.88548294318075	8
-45.1103442861595	38.871341525649	7
-26.2061186883327	-59.4168798715294	1
-39.2737587104202	72.9397722668413	7
3.72299100764387	-42.8611966430871	2
3.15062198009519	52.9218626985815	8
-13.1940203283723	59.1806967138931	9
-13.1649213736548	82.9658359288597	9
53.0179174887862	-58.3098135481359	6
22.6731838687946	-24.1925336235111	2
-47.8779263353925	54.8032677236802	7
4.06475389556613	-51.1578876484813	2
-56.0996428012852	-2.89129536596103	5
54.3410472222891	16.3447841376445	0
62.330680128495	-50.8457037305872	6
-37.189583449153	61.6652025915562	7
-49.0800050256413	-17.660206165532	3
-13.9466088588069	79.5078322921425	9
-45.7712516785276	-7.34329319128403	5
-17.7012667535209	78.9744366608748	9
63.9232212190615	12.7131572981748	0
-19.8936667635328	-27.2804786658733	8
-26.3714576987586	1.82005808677033	5
-22.1593067263104	-23.1098369683342	8
13.3450939427704	68.0123854445182	4
-30.302195876432	70.79602907845	9
63.3577612553784	1.57415919670634	0
17.269166972942	22.9629102616668	5
1.32790393878635	-23.4718612140337	3
18.7606428774189	-28.308976969302	2
-7.07214246913445	66.3580026398246	4
-24.793374872681	-15.2964273837847	8
-15.7695009361226	53.9532457731732	7
6.29342044045723	76.8502138737736	4
-17.876047909754	-66.5072627214292	1
-37.0151664177464	-13.2131413509801	5
12.0475346724031	76.1206463496665	4
72.2113663600287	-42.1368565975098	6
-59.2823088612269	-29.7802635442176	3
-31.4858669451146	69.4120625569069	7
-49.9154946629159	56.2877805354142	7
-9.66109156669582	87.3121863487865	9
54.6456310905291	-57.828250654989	6
52.7431160829679	-50.5818571904345	6
20.3025045432627	-49.5382121410117	2
-30.9526283276302	-78.7126750910206	2
-12.3485483991388	-58.9790110414202	1
70.1320436453005	-57.187352112603	6
-26.3523728875629	1.85457960577352	5
-26.7086105438681	52.0855108219557	4
-55.1829651829112	-2.08408337301925	5
-44.4302703038445	-32.0131045674491	3
69.4707737354132	22.3745876785949	0
-34.9058228755104	-16.0472916205668	5
-50.6921237479833	-4.16631671931782	5
-8.43384963881081	-33.6548011890155	2
65.2025572825928	14.8134023763926	0
55.5453979431031	-30.091948228672	5
-7.77156302405596	-9.63807790974412	8
-21.9580828147849	-13.383770739964	8
7.54343849376115	55.3858629179488	4
24.128381913384	-29.4241279096475	2
64.4588726568476	-37.0826643798126	6
-13.3554895293446	49.9246433993264	9
-49.1675571514257	56.3996976529013	7
-40.745111180205	-63.6421922023045	1
65.1258473494723	12.3730619852612	0
-8.48615689275512	-25.9382554156491	2
-63.8657608704945	-22.2742564337131	3
-36.9748626941971	-55.6471393903679	1
-9.47805845764712	-9.77936555252583	8
-33.566370021264	79.6310902148934	7
-30.5191714459539	-66.384760260629	1
-20.1803545085692	-12.4005803674977	8
7.35312417922081	-42.4918628225437	2
-9.45987253809815	-64.4697001724433	7
7.84447596817922	-43.7062823580276	2
70.7621913913392	-56.1266274690243	6
-56.243283106497	-31.1068662384096	3
16.0705172453003	-33.6134043577465	2
53.5020043604659	-1.10375072348603	3
-39.6823517900292	61.7386833163484	7
47.140541368107	-55.854854655396	6
-11.5445969156849	-19.6322628220481	8
-48.4411290146776	56.57667633794	7
-34.0520375192712	-5.97049327947437	5
-58.0920429002477	-30.4408685756004	3
-48.6713043354971	-52.4877442335789	8
-1.8576021173104	75.7058498174146	4
5.60881217155674	96.3080687760493	4
-3.92476105543295	51.5921415617946	9
17.9912177418965	79.5977801734111	4
71.9496280043679	-50.4903527375368	6
10.4140921326158	87.9029784025092	4
-55.9178182664881	-2.67237750404751	5
-55.1823976628535	1.82524016422249	5
-4.23851384217857	-63.6540003052531	1
-47.4412632564221	-53.1879776822306	1
-10.9744678699761	60.0673986329208	9
-11.2886938666261	-48.7376047204877	3
-0.483565286592462	-7.75489232461692	8
-15.3178930746207	-55.6886664369014	6
-3.33666660377541	-72.5439873138717	1
9.7613908926153	55.2039699717935	4
-6.59204229656594	-68.744321648906	1
-42.1430864433718	39.1707648989785	7
15.8586639605195	18.4635428315034	5
-19.3760930060506	69.9039648526711	4
70.0606449197284	22.8133168693252	0
-1.93991401302772	72.0960632559679	4
26.3013581257406	-16.1649461001258	2
-42.7300370163878	50.4374404817065	7
-40.3218064095226	53.7829439052512	7
-49.3552257443142	-1.06663659885662	5
-14.3029343744163	-22.2870810737295	8
77.4797938235997	4.29714208495225	0
60.802437709591	-50.90845533723	6
-8.47394298398908	80.7955916623248	9
46.6392222713527	-53.1724943444014	6
59.0709501663034	-53.7081539691501	6
-16.064817576697	-11.2415484042292	8
-6.17327860482431	75.1298771080642	7
23.673668633664	-24.9426721155789	2
60.3094937286107	-7.97225075536721	0
-9.91722182921641	-11.790526400169	8
-20.9722736044582	-31.5484470682767	8
-1.33532252739215	74.9261935457992	4
-5.33484511795895	-60.2007856879602	8
19.6200136172546	55.7712824038031	4
-22.2330233933732	73.1527930074267	4
15.5781471159482	-49.6953525927666	2
-43.7035173124773	-34.6825237449622	3
7.43090174005095	-42.4474543190588	2
-62.0586489911351	-35.5152625680931	3
-12.218567071398	-4.12444689884979	8
-11.7637219755179	-40.9068477284768	2
65.4011685557639	15.0077176308716	0
-35.6913722483407	-23.2004413068851	5
67.4225082159241	3.74338133463369	0
62.1079484930853	6.93142028483361	0
-17.4052838227619	-68.8296745713823	1
70.8748617287506	16.0066406916766	0
27.3551249274732	-26.1155057034137	2
-20.2967060536954	-71.1746639639085	1
-43.2159850923217	-21.1962458991199	3
-55.9158116840985	-32.2092762766038	3
8.71550315325244	55.6902976352773	4
-42.4484570209271	63.5630396065328	7
-36.181878029047	-9.16183744413147	5
-44.903466575673	-35.6339464050739	3
68.7724493325212	-51.6381763221981	6
-38.7860678100951	-66.0333152667565	1
-40.7901397386356	67.0983413466283	7
59.9637047562878	-52.3393575290004	6
-15.2310052549121	-12.6262498512854	8
-46.2691727725875	32.3430604279615	3
-13.8971657610291	50.2723270668212	9
73.4878284798492	16.9420676159465	0
66.4588130672237	0.757102909090499	0
-35.9842050100177	65.3722665409018	7
-24.6047634491208	-70.2638356948563	1
-7.91893774962512	-26.7434613734225	2
25.6111735967406	-25.4887042216249	2
11.5004011657894	70.2084712047533	4
-44.887194621228	-22.354043074298	3
-13.341266331757	-79.6303212826523	7
7.33806636913029	73.9181936541515	4
-5.9791103051463	-72.4860964465211	1
-56.6101493822423	2.12523445792514	5
74.2417358282254	1.53707124028835	0
71.6660210448471	-43.9533897841362	6
-62.5515181071742	-29.586758415573	3
-46.7917767674218	60.1393512124364	7
-10.3556514088955	47.3494522469531	9
-11.8782781159515	-15.7383355289946	8
-45.0127730179093	73.875752033415	7
-9.40713279371491	47.4017585418232	9
-32.7088201511147	-8.6599301247892	5
65.3473689632757	8.17754037376183	0
-14.7428062011813	-70.060282439752	1
-12.8926667255405	-75.8523359650734	1
-24.1473594108116	-24.0440542400081	8
-45.7016801975612	29.2843692358799	2
79.4935479325252	-43.2756803996214	6
-37.8097267143611	11.0883387240475	3
-42.8463797501034	-32.4131036498009	3
22.5271103674478	55.2432627652279	4
-41.4040079931478	-27.0771200681929	3
-32.1626845633911	2.53127861905962	5
-8.92073454265911	-60.5920625457949	3
-47.0561016187011	64.1318406162294	7
-31.4689310689132	-61.1467370259629	1
-11.0656929633191	0.468192668697262	8
-25.6158329347606	-60.7362875735357	1
-4.02388345008443	53.3773378633238	9
56.0840513930554	-56.9072527195343	6
-20.7109470177832	-13.9097865998838	8
-16.6360007794161	43.4205181249065	9
-20.4629006531686	62.4774497553462	9
-42.1594677911672	40.5300215128937	7
-51.1593148808854	-3.06409718312925	5
66.7430538732307	3.57163139296936	0
-41.1340235260547	63.8910280622938	7
-52.726209072918	-26.1279779198488	3
79.9467302740683	15.413788153862	0
78.5807043370193	-53.4924380014352	6
-58.5232133842391	-24.4389448018238	3
3.47043839689321	50.8537239700793	8
-20.6607579672807	-66.7348445141296	1
66.7556000682401	-39.0707799036006	6
68.5092254929663	-52.8305673035253	6
-27.5524599661801	-63.265066411169	1
-21.1616793376348	-14.7113306428004	8
69.7315548769664	-38.3923835521585	6
3.62513884284724	72.8854918144057	4
75.4959710503458	-52.1134853901952	6
-19.955739946183	-72.9447841890244	1
60.4569838552366	15.0505203431325	0
-46.8704620058437	59.8357228027386	7
-31.3197039142201	-55.9713934773163	1
57.5475514291647	-46.0421146784082	6
23.2168083291834	69.2823691215503	4
-29.434156312388	3.55479331378602	5
-4.77159579318083	-69.3179082887593	1
68.2816398317899	-51.4532112761422	6
-55.8653616167159	35.4201078870038	7
16.4459229934396	43.6238420410351	4
-13.2729859782356	-38.0337559767092	8
26.7990032464912	-23.1303010770907	2
-42.8192824955557	-16.8052829178172	5
-44.6239610728787	61.1314886550005	7
-54.6715785832925	-40.1861846495351	3
0.134199717004774	-12.4405617039513	8
-0.0572605806061692	83.5920459954224	4
-14.0458772459667	-69.435640666352	1
76.3828630970757	-49.0452430164374	6
-45.4415446028279	-19.7461304371815	3
-64.2980421454495	-14.9551251281671	3
9.7232794917593	72.7924725099915	4
-40.4314244664788	2.57932835665138	5
-44.3475976913806	-19.6963878834476	3
-12.6652100000701	-42.4847366365114	2
-9.78181446229812	56.1343400535222	4
-37.4788623175321	-21.1735252316015	5
-40.8225396686965	61.2326302811813	7
-35.5789755350659	-61.2543510773856	1
26.8418727118829	-23.3278621082199	2
2.55944362117077	81.5285936329728	4
72.622573250258	11.331344921571	0
58.2272280794884	-6.51002299154238	0
-35.0638179040477	-1.2577076042585	5
3.16732977337973	52.4004735947245	8
82.73274575678	16.5404685586094	0
70.5949187564068	-48.207686756245	6
-26.7665104001929	-63.1292057433402	1
-23.131103095321	-61.6114203961142	1
-6.91375838569393	70.2910326651302	9
-55.9490094709564	-12.7495714841511	3
16.3933555221429	-34.4397355122507	2
-43.8835003295066	-60.609146502522	1
-59.7207517245593	-22.9986473751639	3
8.60986732857819	87.3382963641252	4
21.6465672224421	-29.4896998025538	2
-21.8759416820125	59.5169015798782	4
-49.0108112121439	-29.2336640242207	3
-25.1391608199235	50.4642209813423	4
67.5054917620455	-29.389313364662	5
-15.62190979525	-19.8689605938024	8
67.5029638277468	-29.3914364830006	5
57.3016639394532	-54.9622899270205	6
-29.4496334382988	74.1789797691455	7
62.5015761825469	-40.2155612712662	6
-15.3889943033807	-14.1623946794116	8
-13.9648304281759	58.1982776507202	9
10.3311294351688	58.8456218623438	4
66.8080473821224	-5.93687322627467	0
-7.13823729443158	58.8857178398334	9
-33.8394507033895	-47.6139992842512	4
-11.3802330890757	66.0348785586114	9
-14.6341191966064	62.4483934603906	4
-37.8817910908059	61.3437220877736	7
10.7653673366059	61.0454871415533	4
-37.1344090997993	-61.7574945442279	1
55.2410538001139	-59.7429263351286	6
-25.6971255214325	-63.0554872288365	1
-47.2027777060297	-28.1137182059443	3
-44.4405446871131	62.6686554107201	7
-53.027122277004	-22.1247886610702	3
-19.1727977082772	-12.9107986166653	8
-57.50637435838	-34.0007155364061	3
-64.3223272731443	-17.9246689722392	3
20.1509831318768	-49.7004678210791	2
5.70434782535296	72.8221739544405	4
12.2877674921543	91.6348189615383	4
-20.102160976398	-14.3401040268811	8
-34.0665389059978	34.7132850048839	7
69.8805350561374	-45.0765965592681	6
-1.31145227501122	77.856823641636	4
-55.2078289830082	-24.4387701970841	3
65.9533330966615	-46.9575519527556	6
-20.3214407430128	-15.6061482926811	8
-39.4772501837524	72.4483702546699	7
66.6955716191875	1.30158613145443	0
-37.3848963959668	65.5833473239735	7
-1.6601594762843	44.4846086879429	9
-21.1705480993691	-30.4338229109656	5
48.5717993545963	-53.0438760395698	6
-49.7769471082378	-60.9741158116826	5
25.5908343250128	-18.9219946765227	2
-56.8353382710562	33.018182003707	3
81.4377729932226	16.22550839126	0
-16.7658396399036	59.9671051630949	4
-36.0309073468159	-65.1592009603243	1
10.5696686196044	79.1746327431092	4
83.3061462863473	16.230493691844	0
71.8974183151344	7.09352950040056	5
77.4951178514044	-49.3937138312651	6
-36.6924264220074	-56.50018803285	1
17.4322321915873	-33.3527686882405	2
72.5972218247615	-57.9591037665191	6
-47.6873587713247	-19.3283157563855	3
8.79738732917553	88.0466925755559	4
-16.7957152065488	-11.6933448491158	8
-33.4572367526311	-7.03652536051204	5
-13.2902100931066	55.211556523583	9
-26.19712509311	-2.84332700051832	5
71.3942706738623	7.67408807926917	0
15.8297655586563	-34.0449009808384	2
-47.1566603041554	62.1157032946937	7
-62.0702322518459	-0.410008464039064	5
21.0210277930445	-31.2203074605604	2
-11.6155824817404	85.9420548983292	9
-47.319251641204	-19.3774075522234	3
-16.8500030680239	59.7864484372111	4
-14.0407814109559	45.677739017478	4
60.0141485799516	-4.60666390890122	0
-32.2073899577988	3.16785691271438	5
24.9700385273373	-32.7400169439693	2
-36.6604671133161	0.91720601980772	5
-49.3217786392932	2.24454926634341	5
20.232800861955	-29.7209158908729	2
-6.39773660415189	92.2353835112274	9
-21.590863058603	-16.3159505081187	8
-28.8065448211605	-55.7548500316981	3
-50.442289544474	-5.15082483031613	5
39.759451558862	-30.0822732905958	2
5.73962220236663	72.9741093250269	4
15.6983821109754	69.8654848171806	4
69.4713334035004	-47.7668066327637	6
-41.1427979412392	78.6723358883075	7
67.3439206805537	-56.282430482808	6
-19.8224018080568	59.629545126834	4
67.4750130504165	-48.7398489516147	6
66.1739840551642	-57.3355793593773	6
-39.6020481373556	59.7718072088159	7
80.2093227829088	16.7453649656034	0
-8.41659865800808	68.8895676281176	9
68.7970875011161	-54.7365380925078	6
-15.9851632677375	-69.0695454422873	1
-17.7756598598452	-25.9325865875312	8
-20.7614195620074	-24.6221947284629	8
-36.8653422482475	3.51225126331209	5
21.0736314306449	-29.3443042044826	2
-39.7393724217292	-51.9962546386926	1
-34.4653243544102	-57.5988642708002	1
11.9352095901479	24.2552756201803	5
21.6842027566388	-29.8173226199054	2
75.2115367966486	0.016578414331809	0
70.1377105712448	-52.6391449614418	6
-4.43617035812006	91.0984154036769	9
-36.3105242825545	-8.45694331593431	5
38.0300960251695	-15.2014734634089	2
-46.2010200103112	-19.8206479643457	3
-42.9173795727784	-54.9682389345259	1
10.4285357723742	68.6468502274146	4
-38.1169242254074	-61.5677327474504	1
-41.6201516895715	63.292595357593	7
-29.4999062796202	-0.388401847649202	6
-4.16142286515065	63.3255231844012	9
16.9825879480352	-32.5288094007793	2
-9.21369505795518	57.3288624859085	4
78.3816081367532	-41.5462352671332	6
76.251909544537	11.2188847525239	0
-38.2508927792272	-66.0478260527197	1
71.9620926101231	4.01603910247721	0
-42.7311233930986	-16.8179304311671	5
-50.7576111297404	-3.19399059079812	5
-32.3242573270484	-7.4978276883498	5
-14.7333593302518	54.3694139782094	9
-7.1307943066646	-33.232096148269	2
62.6347934927584	16.1841739944216	0
-16.2684331552495	62.8805164318152	4
0.105158600024715	-75.1140314068032	1
-33.2681824214813	-54.8912045823888	1
29.0601051609796	-12.6873759725452	2
-14.0606411902658	83.9925484823158	4
-74.1412997767882	-7.20836236017814	3
81.6453496026588	13.6339302374501	0
17.460289894343	48.0737625238301	4
-1.91592764947445	-32.561412724227	2
24.4211665275849	18.4100526050932	5
-33.2230364418639	72.8038773065767	7
52.3135312002545	-38.3136558095314	6
7.14315304200723	-48.675560187542	2
-35.4492186016615	30.7971795852515	7
-42.6848896490612	41.6156501983043	7
14.6267461221592	2.69237220841907	8
-49.9884464452839	-10.7788538353282	3
-12.4170509099244	38.1263272543803	9
79.4512319481952	-24.2350289557466	0
65.4325448854611	21.612832963905	0
18.8787214703449	-22.8124723838167	2
9.67786851401869	-73.7480803576099	1
-22.1528319055973	-67.5612970379893	1
29.7105421861827	-11.9936956175606	2
2.70023080315175	0.427350651466952	8
-75.623427582586	-7.52841854650787	3
5.49223030268608	96.3807174001327	4
14.4856811398773	47.9234216938846	4
-40.3429270151444	-59.9395842315909	1
21.3073736945497	20.7650231849824	5
-16.7184697954199	78.8814278185261	9
47.1522111974998	-41.9920994033341	6
-37.4690016347447	-55.2864859768151	1
-35.2127564072786	27.2555863683086	7
-35.6463848287941	-23.6671905408299	5
16.7389787158816	4.20605974668491	8
-10.6005644424809	59.5133548009454	9
-12.6413673006728	31.2328611274611	9
44.4147398036863	-55.2604472357801	6
64.1729099234275	20.0739252657887	0
-20.3088415229704	-73.1193663697125	1
11.4778952770847	-74.9279053613919	1
-36.370747767868	69.8048520591158	7
35.7970376330039	-13.4221452235906	2
-18.2434380579253	-7.05969104514695	8
15.2120360726126	0.656344804605172	3
-49.9293801223274	63.7815678519953	7
-36.1614334154589	24.9547647043726	7
4.36133447966158	-10.2975635500293	8
14.7083026904661	2.10307324832724	8
-2.08620345374008	-61.0778150392915	8
-9.05955957148883	32.5995601096329	9
-43.6788252387408	68.8582837920471	7
52.1600764242041	-44.2385120022578	6
9.42846250895728	-10.3268403732036	8
30.5329239397813	-24.2651568960932	2
3.19248942066692	88.5471111367114	4
-40.0743441215534	37.0569518128615	7
5.42130784959642	58.2042638900519	4
0.93166268628141	-76.0519604019371	1
-20.4749462940717	-22.0827270400001	8
-61.0967326971524	1.92313962396307	5
86.4727430032847	16.8013837736051	0
55.582419045671	-38.0063594248715	6
-14.5747580466158	67.8730756091822	9
32.7299441194155	-15.7838507858446	2
-16.2834446295899	-1.57509234914898	8
20.1702022115235	19.8349351629849	5
-51.085024613606	38.5856549746128	2
55.1832600357272	17.1696057071099	0
68.5392658227544	16.3630043607054	0
20.5669715964587	20.0543170042445	5
36.6169225282795	-40.9293082426225	4
14.4273282065238	46.0657849322885	4
-70.7292182965744	-22.7882088317513	3
29.0964834259805	-15.099458522351	2
-0.471379164209335	-45.8129214057117	1
59.6823388471279	14.5604613795719	0
-48.9002342007475	-9.44359490662122	5
8.75189490293532	-0.326966529848754	8
-51.5397636568819	-7.96144636113351	5
9.82278838048174	-76.1324689988569	1
8.32761779047509	70.6407175933169	4
-35.0257482815069	27.236231867146	7
6.57031077961059	-50.7667870584879	2
13.5300772347305	-75.8773600749553	1
6.38406568166528	87.5568191492088	4
15.9178377687039	2.23270383885777	8
44.1621407349497	-52.31622403291	6
18.5707046555428	2.86665270136263	3
1.05358062285496	85.3552574617128	4
17.4679654408303	6.15523128022053	8
-21.8362597646772	31.8740885032899	1
-41.6382628191892	30.4200129407225	7
-34.1447799419723	-11.5669701182687	5
-0.840134629549767	-73.4088281829611	1
-48.1749601796373	-24.6872558766414	3
-35.7475514023523	36.8939558931064	7
-45.637032162435	-54.2651633272356	1
-36.3165262043844	33.3594376295729	7
-19.3092384444092	62.6970451171323	9
53.1352728250623	3.64916376059993	0
62.5858411046523	-7.30278999958139	0
-1.28247491103876	-76.2650218960041	1
-18.0785170091734	66.4497574404327	9
18.2497680405586	43.9944918362705	4
57.9638814154097	7.75606526958568	0
16.4205412425689	45.2495456448732	4
-28.9246018271867	-25.08820465641	8
15.3411365393252	46.156888481067	4
-30.1158633436242	-69.5987357113881	8
20.1248422682893	14.3775844391274	5
-31.1891744126747	-52.6425505838637	1
-40.9482797695168	30.267739275018	7
-29.193054818302	-68.9110178866552	1
-12.7976211732941	29.1259418557896	4
15.6815943511432	-49.9646256747784	2
15.7603114747305	47.2410136760781	4
4.67211823035389	79.5427058906416	4
-4.498695169259	40.1397155154569	9
21.3092476472138	-26.8031011728954	2
-36.4025725043806	28.02157529943	7
-53.3108983369126	-39.7159853794702	3
35.263910696182	-15.6001744272014	2
0.540261556685824	76.8751248213521	4
50.5612067289011	-41.773725146597	6
-3.4587293333549	63.0542169962808	9
19.8316275445624	22.6895395741888	5
-8.24464200033095	-76.4983592777459	1
-65.4568144258971	-11.9684561070939	3
21.5442654044652	-20.5983213522494	2
-12.1475018724591	32.3872323802228	9
-15.0875294175317	85.0014918077922	4
17.4480613512296	44.1658959764068	4
-41.5571893808376	-35.7880410336177	3
-73.5446921796107	-6.89545174869206	3
71.6551181832892	-56.738297020885	6
-11.9856210305694	33.0567635112381	9
-3.63603639843423	-41.2130425962316	2
64.4698755701234	20.6127625955233	0
53.674995696492	-49.6413888317338	6
2.67611749505622	1.94643804939426	8
-22.0319009469228	-22.4221146237046	8
-35.4692020604678	31.1034524413712	7
-45.9946559012243	-8.04577657006068	5
45.1604652715956	-41.9430568940088	6
62.2174594380992	-59.7681969948347	6
-72.75360796717	-6.2825373211741	3
-22.9288006450204	-22.2032627589196	8
64.5235624061716	18.5663506474164	0
13.2093019779157	42.1459449703694	4
15.9488056745828	47.46344557524	4
52.9201185416803	-52.7245878231004	6
53.9881666646288	-37.5235096830498	6
-16.6526766374732	72.9206206397437	7
-75.8334369964178	-7.60341948614903	3
-8.0212112282159	64.0113088662738	4
-39.7889745489375	28.3652739487827	7
-30.8730255957281	67.2369757479106	7
58.5391696587993	7.12028932815627	0
83.0877821464989	-47.9766924725224	6
2.0131078458116	-74.8955609686017	1
82.4196619161395	-49.2497129062417	6
-0.335718402732242	-80.0925111566819	1
74.1117512242732	-49.0807046949742	6
30.6898827790204	-13.9925073663396	2
